# Time(ps)	Thickness
0.0	27.2060290527
5.0	26.8053515625
10.0	26.8103100586
15.0	26.7733239746
20.0	26.4359082031
25.0	26.7212036133
30.0	26.6668395996
35.0	26.6431640625
40.0	26.7854174805
45.0	26.6543908691
50.0	26.4304174805
55.0	26.6016162109
60.0	26.5312817383
65.0	26.6238183594
70.0	26.6608520508
75.0	26.537677002
80.0	26.5932568359
85.0	26.4817724609
90.0	26.3034802246
95.0	26.9383361816
100.0	26.8957312012
105.0	27.3123384608
110.0	26.4067028809
115.0	26.4276916504
120.0	26.364954834
125.0	26.4891674805
130.0	26.4628210449
135.0	26.33296875
140.0	26.8461914062
145.0	26.7337976074
150.0	26.6875927734
155.0	26.4433691406
160.0	26.4707324219
165.0	26.3191442871
170.0	26.4604699707
175.0	26.4904724121
180.0	26.5855749512
185.0	26.8446313477
190.0	26.4386743164
195.0	26.8535559082
200.0	26.6848291016
205.0	26.7010327148
210.0	26.8381555176
215.0	26.6375866699
220.0	27.1546337891
225.0	26.9481835938
230.0	26.9535314941
235.0	27.0686950684
240.0	26.6321520996
245.0	26.6366455078
250.0	26.730279541
255.0	26.8112011719
260.0	26.7556640625
265.0	26.6612878418
270.0	26.9233691406
275.0	26.9338024902
280.0	26.6489550781
285.0	26.5648803711
290.0	26.705246582
295.0	26.8434375
300.0	26.5763256836
305.0	26.819642334
310.0	26.9131079102
315.0	26.5566955566
320.0	26.9124536133
325.0	27.1424157715
330.0	27.156895752
335.0	26.8460498047
340.0	26.7756811523
345.0	26.8408007812
350.0	26.9456481934
355.0	26.7954846191
360.0	26.8013818359
365.0	27.4114508497
370.0	26.8633947754
375.0	26.7432409668
380.0	27.9018094434
385.0	27.8785476509
390.0	27.1491871355
395.0	26.542130127
400.0	27.5036259621
405.0	27.4935377227
410.0	26.979107666
415.0	27.6678811661
420.0	28.8716088928
425.0	27.8566553575
430.0	28.4257931015
435.0	28.4122931652
440.0	27.5679474182
445.0	27.7117377957
450.0	28.2650385147
455.0	27.7019157272
460.0	26.9032958984
465.0	27.3579218553
470.0	26.7997631836
475.0	26.6508496094
480.0	26.667442627
485.0	26.5585522461
490.0	26.8993933105
495.0	27.6253616681
500.0	26.7674438477
505.0	26.8945715332
510.0	26.8938305664
515.0	26.8421960449
520.0	26.9592285156
525.0	26.9785412598
530.0	26.7597021484
535.0	26.6005712891
540.0	26.6334387207
545.0	26.6115759277
550.0	26.4119641113
555.0	26.3964160156
560.0	26.8321582031
565.0	27.0394360352
570.0	26.7018518066
575.0	26.6084692383
580.0	26.5063720703
585.0	27.4458172429
590.0	27.4737971849
595.0	26.9622729492
600.0	26.6667053223
605.0	26.4672509766
610.0	26.3250231934
615.0	26.7301013184
620.0	26.4691125488
625.0	26.4287915039
630.0	26.6278137207
635.0	26.7967382813
640.0	26.7347375488
645.0	26.7485839844
650.0	26.6526306152
655.0	26.8497143555
660.0	26.8257263184
665.0	26.9036706543
670.0	26.865970459
675.0	26.5176477051
680.0	26.6348999023
685.0	26.8130444336
690.0	26.6318579102
695.0	26.4199584961
700.0	26.8549267578
705.0	27.0876721191
710.0	26.6626037598
715.0	27.0820080566
720.0	26.8903942871
725.0	26.9271618652
730.0	26.9461633301
735.0	26.6493554688
740.0	26.5383203125
745.0	26.6578381348
750.0	26.8610107422
755.0	27.0143908691
760.0	26.9049243164
765.0	26.5981994629
770.0	26.6652819824
775.0	26.373347168
780.0	27.3134229278
785.0	26.9620348139
790.0	27.2646081626
795.0	26.5508203125
800.0	26.6554370117
805.0	27.1968088505
810.0	26.8072375488
815.0	27.8721101223
820.0	27.3573626472
825.0	28.1513423431
830.0	28.0442593892
835.0	27.9679639767
840.0	27.484991775
845.0	27.6187353848
850.0	27.352714792
855.0	26.6249975586
860.0	26.5144165039
865.0	27.8430107312
870.0	26.4109777832
875.0	27.0371362305
880.0	26.4913586426
885.0	27.719295775
890.0	26.673927002
895.0	27.5874840903
900.0	27.4523236541
905.0	26.9828637695
910.0	26.9146008301
915.0	27.1222619629
920.0	27.1947290039
925.0	26.8710571289
930.0	27.1787597656
935.0	26.8887145996
940.0	26.6946252441
945.0	26.683782959
950.0	26.7285046387
955.0	26.870904541
960.0	26.9652709961
965.0	27.0437561035
970.0	26.8804260254
975.0	26.8415307617
980.0	26.9941479492
985.0	27.0684094238
990.0	26.8554907227
995.0	27.3820068359
1000.0	27.2379943848
1005.0	27.3717956543
1010.0	27.199486084
1015.0	27.1528930664
1020.0	27.2874768066
1025.0	26.9564733887
1030.0	27.2005334473
1035.0	27.03609375
1040.0	27.1223779297
1045.0	27.1801831055
1050.0	26.9992443848
1055.0	27.1605639648
1060.0	26.7311486816
1065.0	26.8022619629
1070.0	26.8843505859
1075.0	27.5124930099
1080.0	27.5918008317
1085.0	27.0200036621
1090.0	27.0454467773
1095.0	27.0208642578
1100.0	26.9698815918
1105.0	26.5796118164
1110.0	26.5948608398
1115.0	26.5919921875
1120.0	26.6529541016
1125.0	26.7899023438
1130.0	26.8862915039
1135.0	26.5287341309
1140.0	26.4390893555
1145.0	26.530144043
1150.0	26.8004907227
1155.0	26.7570666504
1160.0	26.8339746094
1165.0	27.0832824707
1170.0	26.5790966797
1175.0	26.7861828613
1180.0	26.8920678711
1185.0	26.9544372559
1190.0	26.445201416
1195.0	26.8605249023
1200.0	26.8753161621
1205.0	27.0341320801
1210.0	26.5863427734
1215.0	26.9243798828
1220.0	26.7639257813
1225.0	26.9297155762
1230.0	27.425645752
1235.0	27.5331567383
1240.0	27.251953125
1245.0	27.2788537598
1250.0	27.303170166
1255.0	27.2070349121
1260.0	27.2274243164
1265.0	27.0222375488
1270.0	27.0429101563
1275.0	27.517730774
1280.0	26.7456201172
1285.0	26.6391760254
1290.0	26.8330187988
1295.0	27.3094149281
1300.0	27.1974732276
1305.0	27.2218652344
1310.0	27.9651838519
1315.0	26.9899194336
1320.0	26.8807519531
1325.0	26.9003198242
1330.0	26.6942810059
1335.0	26.8486450195
1340.0	27.0099414063
1345.0	27.1008117676
1350.0	26.7165698242
1355.0	26.6772460938
1360.0	26.5856494141
1365.0	26.5737658691
1370.0	26.5675671387
1375.0	26.7927087402
1380.0	27.5978494181
1385.0	27.4500290595
1390.0	27.2655106476
1395.0	27.5139376551
