# Time(ps)	CHL1	POPC	POPI	POPI13	DOPC
0.0	30.2894089685	56.6828853302	57.5919057983	61.928722173	53.333613368
5.0	30.6406278999	56.4109257873	57.6199673738	58.4794232511	53.2228369873
10.0	30.2160679678	55.6103862576	58.1569549848	54.4326900628	54.7938362245
15.0	30.3256649811	55.8541814306	56.5849679374	54.3903750717	55.7498385505
20.0	29.6831574002	57.3365564758	57.2733984789	53.32212802	55.0396616298
25.0	29.8337145773	56.7125160785	56.4292079312	56.26690652	55.8279610905
30.0	29.8971314354	55.9331242061	56.5296400359	61.8201031068	55.834772105
35.0	30.1517717091	56.4395717473	56.346329282	55.7706368602	55.5889495699
40.0	29.5312491709	57.2789050389	56.1640544385	60.2890330625	55.7029129232
45.0	29.7375174698	56.6896960858	56.9451600086	64.9589444807	54.709643056
50.0	29.8656221677	56.4941329859	55.2015681638	67.5249064633	55.9615999368
55.0	30.204021021	55.6854706327	56.8372277308	63.8095756487	54.9928415606
60.0	30.2587564798	56.3578658467	56.2496198005	66.4589495761	54.4749874977
65.0	29.6374354465	54.9577791463	56.2390306118	66.6327736662	57.1098791036
70.0	29.7148053624	55.66673856	55.3372969671	69.8973902367	56.7312192443
75.0	29.4742364191	56.8513430956	55.715590756	66.660447134	56.0110601268
80.0	30.0275234425	56.8357721798	55.9015164568	66.9660872989	54.7220807745
85.0	30.8151095443	55.7732683284	54.4986089439	67.1063441862	55.4580252015
90.0	30.1370948517	56.8309147244	56.1327176021	63.0466016587	54.6915954218
95.0	29.6025317205	57.4524119486	56.5959159224	65.9244082612	54.4346337739
100.0	29.7359469727	56.573316979	57.607242414	70.1489864036	53.7142474441
105.0	29.4962581369	56.2977435019	56.2106843448	66.3392483896	56.1071472758
110.0	30.231097168	56.354932194	56.1067616274	66.2348323324	54.6841559638
115.0	30.1295509386	57.0711445186	57.1357313798	64.8498331474	53.3835191435
120.0	30.2695338325	55.7668816936	56.6621405699	65.4175826751	54.7772645372
125.0	30.481041049	56.3618229761	56.223759394	63.5187747338	54.3436292128
130.0	31.0569913322	57.1495617437	55.9560101455	60.2859777896	52.9683668118
135.0	30.2614715591	57.594716639	55.2815049231	61.8971681962	54.5601718815
140.0	30.3004936352	56.9247642713	55.7006491461	65.0798491588	54.4565276156
145.0	30.6908045672	57.377006071	55.8385122329	62.5570841731	53.3519069275
150.0	30.9142278162	55.9859880171	55.6857872742	69.8076532534	53.7085460844
155.0	30.5088584037	57.1696647193	55.5823132659	62.3796474969	54.1714355428
160.0	31.0260290974	56.6915088425	55.4759936474	66.0992070754	53.3389857426
165.0	30.8918586923	56.3741852277	55.1541545803	64.5760777661	54.3666611209
170.0	31.0351073756	56.0437699115	55.5087129196	67.412589619	53.8078089602
175.0	30.8586744569	56.1759688455	56.0617979769	67.1527452756	53.5566418755
180.0	30.4177077102	55.3772087793	56.6910221663	61.3012536434	55.2561308726
185.0	30.7159229188	56.0380813579	57.2948704706	57.6269129704	53.8229331373
190.0	30.3718971354	55.0530789948	56.0399770244	65.517649831	55.8362924736
195.0	30.401002972	56.8983479711	55.1932928674	63.819798146	54.8645496005
200.0	31.062565279	55.3226199916	56.8161314129	60.2399204092	54.0146255542
205.0	31.2125392805	54.7244280718	54.6057097068	64.4061510413	55.8855790943
210.0	30.8082110109	55.0567751752	54.9703234028	59.8079256445	56.4935775202
215.0	30.8054125842	54.5945952238	55.4751597235	57.8641727239	56.7014120438
220.0	30.457114275	53.9854303112	55.5296979122	60.1611801529	57.7283141515
225.0	30.9245549009	55.1382438689	54.1353712795	63.3289835081	56.5787450923
230.0	30.7395525423	56.4977713081	54.388536168	63.3260996789	55.3616786554
235.0	30.681012999	56.1820026187	54.2840456192	64.9987429274	55.7213160648
240.0	30.4298309007	54.9757687353	54.75236329	69.492258724	56.5590425113
245.0	30.9966083563	53.8536275172	55.5652517212	64.8351426564	56.2818574163
250.0	30.3463623528	54.0288643846	56.3548263054	71.0837085886	56.0716250503
255.0	30.7569785572	53.9563599366	55.0108811296	67.5851656937	56.8822424745
260.0	31.3802571167	54.6286004814	53.8627855803	68.0052992774	55.9547600202
265.0	31.8190562624	54.599229882	53.8227287603	63.7065979851	55.5723474761
270.0	31.0895108992	53.9567294202	56.6313766325	72.7467508863	54.2421790846
275.0	31.2777554029	53.2363266143	55.3180040352	68.9659499907	56.1462119247
280.0	31.6367123758	54.5356804715	55.2819634172	69.964305303	54.0615596575
285.0	31.7202939206	54.5837996375	56.0220293386	62.2108372829	53.9556271397
290.0	31.7443386253	54.4002422092	56.7932477158	59.5161688723	53.6664179199
295.0	31.518789039	55.4785078914	54.2534608072	62.364686727	55.0402168052
300.0	32.0103924692	55.4914261709	54.6125818745	63.5489962794	53.6024722332
305.0	31.8866427236	55.2814984519	55.0922623489	62.3298064918	53.7500950118
310.0	31.9364410883	55.1654375049	55.4349130277	62.748254258	53.416330331
315.0	32.3367110851	54.3406316372	55.3924641718	58.7126150989	53.8823284787
320.0	32.0254420021	55.2925144935	56.7041435477	59.2706008898	52.3166694433
325.0	31.5918040765	56.4570796646	56.3861039637	56.8612669957	52.5465520477
330.0	31.0915675444	56.0968929971	58.0914373913	61.3545055446	51.9231087296
335.0	31.2802034452	55.3644522561	57.1101902749	63.4637627558	52.9504502515
340.0	31.1724955395	54.7352736491	56.5330532766	63.1272374901	54.3481460198
345.0	31.3632475347	55.8267540687	53.7193860288	58.6166442032	55.8585486455
350.0	31.7712217577	54.2478688542	55.1603773528	63.4013445232	54.8461458156
355.0	31.8836393771	54.825557493	54.3762464745	63.7329092274	54.7161591599
360.0	30.877299189	55.3525344987	55.2364861909	59.3227507762	55.8686854732
365.0	31.5601642443	55.6927788978	54.9639411641	57.4047283294	54.5997305719
370.0	31.278377598	55.870653335	53.7290511537	59.8265970764	55.8546594084
375.0	30.8220291397	56.1236935315	54.8836954585	57.4990470355	55.7079006533
380.0	31.2032029568	56.9568738822	55.2309972096	62.1488118665	53.3348467021
385.0	31.4077351892	56.0710908013	55.1370826528	62.4421975025	53.8667195701
390.0	30.4686433732	55.7130086337	56.2845789369	64.9217496941	54.822305667
395.0	30.2917036611	55.2775189323	56.2460411539	67.8058106082	55.3578921719
400.0	30.0796239154	57.111385805	54.6798503448	60.9571517003	56.0426374489
405.0	30.6302399097	56.3522463767	55.2430401477	61.4767913359	55.141714286
410.0	31.1260660428	55.3855239695	55.7468935096	61.9278584652	54.6182276371
415.0	30.806533197	56.1928525484	55.6311806349	68.1022376999	53.9367085714
420.0	30.4563364706	56.8342515155	55.5894712504	63.7344386059	54.4700515199
425.0	30.7336105389	56.6394904505	57.4317150987	63.2739386	52.4982251996
430.0	30.4848200934	56.6396705254	55.8893506224	61.4385496994	54.5671936513
435.0	30.1606093339	56.912204857	55.2118188866	60.875033877	55.6092902249
440.0	30.4675775166	56.5424465781	56.7896689887	63.3412588897	53.6984551601
445.0	29.8868776956	56.3680502532	57.1253804164	59.8594674271	55.0802597345
450.0	30.4891357976	56.4770793708	55.1282980168	63.3143089643	55.2186326213
455.0	30.1293687242	56.9679326275	56.1075629383	63.7449462541	54.5229335852
460.0	30.2781775907	57.5820370606	56.2341635994	61.6188833225	53.7098845032
465.0	31.4982746038	57.7373228782	53.4580519121	61.4337123887	53.6314236955
470.0	30.461096124	57.4614616199	55.1997417214	67.463654297	53.8110429077
475.0	31.5064956707	55.9081624443	54.0300731538	64.5292494365	54.6197257585
480.0	31.2619744705	55.7510367739	54.9596660383	65.2845227568	54.353773104
485.0	30.846080423	55.6590640993	56.075641003	68.0290278375	53.9985848902
490.0	30.1366661731	55.6008507552	56.4713287836	65.9976350933	55.3226881279
495.0	31.2300889762	55.729181258	53.3990845297	62.3946656038	56.1328697558
500.0	30.2127138565	55.0788305004	56.6205076692	61.5974428119	55.9984158949
505.0	30.6721501032	55.4855503016	55.6956219639	65.6268705417	55.1023088526
510.0	30.2473827086	56.0807632694	55.9854929525	65.8662016847	55.0718069665
515.0	31.6820110724	55.9336051445	55.7821861942	64.4478504776	52.6744256068
520.0	30.3205030234	56.1308341243	56.7270252507	66.0135349281	54.1933034945
525.0	30.626045139	55.6496016646	56.7703835689	63.7504587643	54.2508239276
530.0	30.0446800127	57.0287104443	55.4518273269	65.6375788203	55.0324431407
535.0	30.2007482364	56.4212467707	55.5009256513	65.6216276128	55.2851870909
540.0	30.5366631718	56.766354688	55.9123505983	62.3224128551	54.2279285168
545.0	30.7884715073	56.8346636762	56.0290786258	64.2749036233	53.3555996901
550.0	30.4456044361	56.9295090936	56.6487477714	67.5280549865	53.063508709
555.0	29.9203699838	57.8160989534	56.306585615	70.9186550328	53.1962370892
560.0	30.0456553196	56.4966562986	57.102239663	64.4892195272	54.1920025739
565.0	30.5511732283	56.5007092198	55.9672640778	69.3358564725	53.7137199378
570.0	31.0560009105	55.4066353385	55.1390463018	71.2587497103	54.3513233038
575.0	31.5313520043	55.2123108885	55.446635828	65.7862374706	53.8652194788
580.0	30.0747461343	56.534366614	57.4685359147	65.2511009162	53.6902808869
585.0	29.920952016	57.1805606654	54.8922134249	65.6517516284	55.6302584293
590.0	29.8735104693	55.7979798138	55.2292841954	67.1023665095	56.6593318689
595.0	29.8299435237	55.2207370273	55.7176135043	65.0628159647	57.0881419165
600.0	29.4729692211	57.4632038631	54.7372519946	66.1508066641	56.3331171842
605.0	30.1542944247	57.9001124998	54.1653802307	63.2265254269	55.3406277492
610.0	30.8614956677	55.9982936836	53.6358801061	63.5538652374	56.27187635
615.0	30.3098572254	56.7741138438	54.2551272586	58.6484864981	56.5325586175
620.0	31.3153892962	54.5332016924	53.9037025798	57.4426456206	57.1993745762
625.0	31.3435820114	56.5908863813	53.0929156149	60.0752295285	55.5517359929
630.0	30.8706505455	54.7126200258	53.563545402	63.6452851074	57.5951648893
635.0	30.6377542356	56.7635701472	54.3986807899	61.6624611476	55.45674275
640.0	31.0088488463	54.826564724	56.156145507	60.8274241943	55.1533337591
645.0	30.4954117372	55.6587488426	55.0450068309	60.5091848174	56.3799055494
650.0	30.821355645	55.0917176865	56.4278799884	63.8185150282	54.7195284644
655.0	30.4556509459	53.5618152887	56.825366425	59.503525289	57.0546028488
660.0	29.9181868188	53.3477112133	58.5725286566	58.6689448765	56.8545837795
665.0	30.1019053883	53.999856682	57.8697033163	64.4458615669	55.8898187532
670.0	30.3936056803	53.7616490218	58.5340443261	63.5888606942	55.03242809
675.0	30.0274404015	54.4488367224	57.8464608741	65.1427894388	55.541136047
680.0	30.7590867849	52.4080633492	58.3901884231	61.9017448983	55.9533069861
685.0	30.3391966942	53.5596203039	59.7147703859	63.9978163668	54.2397860839
690.0	31.107551859	52.9246125831	57.7227160199	63.3180078443	55.1989171155
695.0	31.0343926951	55.8660086774	55.9469609705	62.0002959991	54.1337796493
700.0	31.3862312605	54.5115280393	54.5382106456	68.70035351	55.3825004595
705.0	31.1248316456	56.5586897539	54.6876244909	62.1096408059	54.3828023175
710.0	31.074357702	56.0417424628	54.2650387278	66.7427107451	54.9175408146
715.0	30.5576216997	55.5816757997	56.83530907	65.5224488919	54.2199313666
720.0	31.0461165433	55.2295199744	54.9988668977	60.6355526782	55.7365939149
725.0	31.1163138489	55.8357983411	55.6825935988	62.6810140324	54.1700662368
730.0	30.7529227146	56.1965857905	55.9071614805	65.1306714128	54.0889545427
735.0	31.682686748	54.084893423	53.9421255449	60.837836139	56.5389203959
740.0	31.4059046623	55.9291412063	54.3519195675	61.0962607266	54.8535261094
745.0	31.4880834868	56.0941707511	53.304944245	67.9704133498	54.7790733736
750.0	32.6101756325	55.027931594	53.5038128974	65.4991702912	53.6691917884
755.0	32.3637746499	53.9053958655	54.4943392144	72.2459057714	53.7185294604
760.0	31.3889551712	56.5621724322	53.79764639	66.4512823729	54.2177854164
765.0	31.403458182	55.7708511253	53.8630199977	75.8514593949	53.9812181081
770.0	31.2978475958	56.9807732625	52.9201829529	70.3182063232	54.3844617448
775.0	32.0942646309	56.0144707874	53.3453741517	68.0834202143	53.5986867486
780.0	31.5028944011	56.5538899719	52.8572136436	66.3192776003	54.8577776133
785.0	32.1873067437	56.0410293533	54.6426270291	65.2680063287	52.5001613098
790.0	32.0306585413	56.1208214545	54.0252411411	67.5440788658	53.061615729
795.0	31.3695625235	56.9223582964	55.2249234557	60.0337516091	53.253640598
800.0	31.3037288089	57.6719635361	53.7731308974	56.3582015485	54.3098478905
805.0	32.36669608	55.8867449593	52.7466180433	57.4204443391	54.7868015741
810.0	31.5106587421	55.5371388837	54.45992821	57.8672271713	55.2618357198
815.0	31.7051378542	54.866107803	54.8773406402	52.7004178644	55.6849225451
820.0	31.6274370754	54.9119846656	55.3908781745	57.8707963583	54.8152534903
825.0	31.733210251	56.3904192417	55.3688415116	60.9031433255	52.8417498794
830.0	31.0878230041	55.6521482631	56.2317931498	56.7803899733	54.5064190257
835.0	32.0986975722	55.6299250962	55.6814910311	60.207081811	52.6595120584
840.0	31.5455227279	55.7125169835	56.2274179035	58.819074304	53.3306787652
845.0	31.0363442681	56.1542863952	56.5724781995	56.4857329824	53.8300122916
850.0	31.4906469594	54.8517292633	56.9312294265	55.0268310355	54.047120131
855.0	31.4612052368	56.8972439385	55.7517288621	50.6748900746	53.5571776759
860.0	30.8789252877	55.9180458816	54.1471819747	61.6155583883	56.0508494499
865.0	31.140024178	56.2378815593	54.9249463482	59.1412637342	54.7564354877
870.0	31.4621073508	54.5221856646	54.6547601882	62.4374697201	55.7413759655
875.0	32.1269526281	54.9051983343	54.293684757	62.8471973747	54.3128270507
880.0	31.9768184374	54.9158433626	54.1640054513	67.9750754694	54.2062734954
885.0	31.5985568378	54.4475361317	55.9921906861	64.7030430369	54.1129209549
890.0	31.3623517953	54.226960957	55.8187297711	62.9890465809	55.1333703104
895.0	31.0825590063	55.0372005969	56.1849067717	56.7769620858	55.174465163
900.0	31.3662545454	54.547804919	56.88105033	59.8789621445	54.1597340935
905.0	31.2712363466	55.0439087953	56.7540612369	60.0864386641	53.94719823
910.0	30.4175580654	56.0364078451	56.9297146433	56.1417216638	54.898457718
915.0	30.7387899218	53.7818693764	58.1807145318	62.5323427913	54.7454915107
920.0	31.236119676	57.3208170038	55.7283171178	61.0783091957	52.5645791351
925.0	31.1193636254	58.0485493882	56.5533780452	56.5409204404	51.7814830291
930.0	31.4871818253	56.0474128615	55.6725724903	56.7754767295	53.8162947326
935.0	32.3667675223	54.8503259591	55.3622585972	57.2177998328	53.4892458716
940.0	30.8072871979	55.9252812284	56.1616015198	54.8332939181	55.0523379593
945.0	31.0075088396	57.1870082296	55.0041184821	61.7955802949	53.7355457477
950.0	31.5778437512	54.7280338942	57.9100078255	55.4364500866	53.0744922225
955.0	31.8842853619	54.6333707897	56.6853015191	57.2007072012	53.4821134018
960.0	31.36963505	54.7097158771	58.9548922033	64.4776221741	51.6647485714
965.0	31.7065392422	54.5151122316	58.2560942459	62.0692582617	52.0553685325
970.0	31.2410274328	56.016979351	57.6928611906	53.5531848118	52.8430431655
975.0	31.6794972478	55.7723621253	56.4445442521	53.7339311026	53.3160537404
980.0	31.4272704985	56.0046468107	55.9566138092	63.380880748	53.0626059748
985.0	31.7067037381	54.0974162609	57.2695833432	63.5074463191	53.2166989466
990.0	32.4261745222	54.3399411887	55.2104672451	62.0538338229	53.5337615803
995.0	32.176676439	55.2043637673	56.6387476753	58.1293902657	52.2753793527
1000.0	32.0328145079	55.4705071653	55.2378990561	61.1975260163	53.2508970803
1005.0	31.6045468344	54.3173308805	58.5938374256	62.4560052759	52.1143574637
1010.0	31.8213002846	55.0345106606	55.4511949781	57.6499858072	54.2726198734
1015.0	31.6050426373	56.0825804734	57.0875338814	59.7379617449	51.9756045898
1020.0	31.7265509044	56.1538728882	55.9676063787	59.589929257	52.6840973199
1025.0	31.7230502294	56.0168428595	57.1137351238	59.873919941	51.7682784601
1030.0	31.5541129635	55.4436328262	57.4504466635	58.8231959028	52.4812506851
1035.0	31.771617431	56.8472603377	55.4835177799	57.3970460918	52.555571626
1040.0	32.1504868144	55.8633747112	55.9809399812	63.4446366524	51.7291652578
1045.0	30.7887938249	58.2854326309	55.501707201	60.6708583068	52.739256135
1050.0	30.9582856219	57.3288503385	55.3293527972	69.510946741	52.6279395837
1055.0	31.052685364	55.7184927789	55.3951769427	55.9474121512	55.3465384224
1060.0	31.7768736535	55.7965038626	53.6466250794	60.6633320115	54.9223699142
1065.0	31.8399518373	54.4655006215	54.0312420483	60.7636950305	55.7709367595
1070.0	32.0898667785	54.9336652224	53.9989710324	62.1913884881	54.6892633334
1075.0	31.9373758754	56.5455214746	54.7515565873	63.5898699992	52.5653006528
1080.0	32.0731000718	54.7857120585	54.2711604368	62.1221041569	54.632726551
1085.0	31.3829647671	56.7716631396	52.9620501925	64.4270207151	54.974666306
1090.0	31.3628925495	57.1535623939	54.1667615726	65.9629525875	53.3951461143
1095.0	30.519852464	56.4161154408	55.2445789268	67.8459295087	54.6603173549
1100.0	31.4109222144	55.6404272541	55.1040560724	70.1575164265	53.5492332568
1105.0	31.9135542015	54.5687375951	53.6704989181	71.5890269401	54.7627492088
1110.0	31.926984738	55.9385795625	55.1118002648	63.6211712348	52.8655226602
1115.0	31.6357554208	55.8243552646	56.3050044432	55.9359366281	53.2568876658
1120.0	32.3822880416	55.0930120627	53.8925965773	61.8861073523	54.0713345216
1125.0	32.5626827796	54.3103915125	54.9287811753	61.3645004839	53.6128407241
1130.0	32.4497309031	53.8867095787	54.2853148137	59.9669364345	54.981131912
1135.0	31.6976834526	53.8503209944	54.3978371635	64.3797590275	55.9790857458
1140.0	31.527714487	55.4890895297	54.2726253587	64.909025308	54.7400954125
1145.0	31.9359152059	54.7941972378	53.9435949656	65.8396920678	54.8216296108
1150.0	31.8222886972	55.0361491421	53.3829979642	67.0407706496	55.1914212799
1155.0	32.1615277331	54.0756435687	54.6560012751	68.1698279658	54.2147803108
1160.0	32.1908598318	54.1159139397	54.0401830569	67.1323269395	54.7738093907
1165.0	31.3722596479	54.7862287433	53.9742490811	63.7239529933	56.1409204854
1170.0	31.2770338709	55.7995223829	55.4399584631	60.8493831021	54.2864223932
1175.0	31.2315494583	54.3539679691	54.781442766	63.0132031981	56.1992860084
1180.0	31.2221655254	54.1996667613	54.807787811	65.6592204114	56.0839369792
1185.0	31.2269405239	54.1792343789	54.9232351945	64.4831708603	56.1085681224
1190.0	31.9396111404	51.7326094833	56.4324641478	62.678732653	55.9519168748
1195.0	32.4214888986	52.9642947194	55.4789188825	60.1780181186	54.8647091692
1200.0	31.7219824703	52.6521769323	55.3053400354	59.8452681427	56.7654297807
1205.0	31.4577055989	53.3500551235	55.4870417467	63.4231317394	56.0746617704
1210.0	32.3230180933	52.0282001293	55.5587870499	65.5216936772	55.3915890343
1215.0	32.1992768045	52.3505582908	55.6296949287	69.971066254	54.8078422538
1220.0	32.3442814764	51.65645167	56.091215212	63.593792417	55.4343486018
1225.0	32.7090580258	52.3420307329	56.2354305453	69.3940322705	53.3094969226
1230.0	32.5894110344	51.8949267959	56.5227930975	65.8168998808	54.0949530461
1235.0	32.3903685412	53.8517104854	55.9095517719	66.1968534067	53.0501892726
1240.0	31.8407903439	54.5941887205	55.0325950358	67.8628811416	54.0295464019
1245.0	31.5219566945	55.3322297826	55.3346217036	64.2937455971	54.0142078639
1250.0	32.0308038904	53.1116022717	55.6309143357	59.9734905564	55.3824970985
1255.0	31.9119260963	54.2267237647	56.8936957323	63.1754026734	53.0484496327
1260.0	31.0151168061	53.4638819232	55.6406740586	57.1479360889	57.3353999015
1265.0	32.2531891694	51.8583469795	55.6625376706	57.962048245	56.3637185212
1270.0	31.4795859083	52.5531035237	55.4597183832	60.3483799453	57.1599788004
1275.0	32.6268131224	51.8584970983	54.1326112593	58.4403288482	56.9453544239
1280.0	32.4634600067	51.5849084821	56.0509978373	56.027464478	56.0603947738
1285.0	32.5173561304	51.4028619388	56.2508323864	58.6874679796	55.6887713597
1290.0	31.9353075941	52.6197686117	56.5004894933	57.379659578	55.5421084297
1295.0	31.4392162573	53.2571216625	56.9207905654	56.7146928992	55.5851328998
1300.0	31.268823607	52.8496942395	55.8699765639	61.0600268064	56.8445490588
1305.0	31.5814671378	51.676778116	57.9769789122	57.810121111	55.8208539664
1310.0	31.4621449191	51.9746318355	57.8425785132	62.766665021	55.3869913452
1315.0	31.133695212	53.0040114408	56.4251134188	57.223899171	56.8444476453
1320.0	30.7041929483	52.0044426199	58.0951572162	60.3179809485	56.8906936981
1325.0	31.1389413755	53.1609449515	57.548494301	61.6671589963	55.2217292778
1330.0	30.9482056707	53.543144372	56.7818588935	58.2107137559	56.256542185
1335.0	31.1626096721	52.6148516674	59.8740331204	51.123135407	54.6819160639
1340.0	31.0898011234	52.7969076587	57.5663309532	48.9000606054	56.9446641749
1345.0	30.676506434	53.530567279	57.7313558893	56.0543180821	56.173656907
1350.0	30.9146843274	52.0419267335	58.2079916547	52.1409388745	57.1482302211
1355.0	30.9196513187	52.171586236	59.3843428648	49.4128346053	56.2227658908
1360.0	31.1693331579	53.3017689999	58.6820129772	55.3549882689	54.6311534615
1365.0	31.639318197	53.5151404655	57.2936830615	53.566886575	54.9060951139
1370.0	31.1850923874	53.7677653264	58.0445310015	58.9688097398	54.3459988583
1375.0	31.5959860562	52.254271484	58.8467483899	53.9024458826	54.8223442735
1380.0	31.6508944673	52.5622322114	58.3528944536	54.049230011	54.8343378892
1385.0	31.1531226086	52.5649987395	58.9380648749	55.6350918275	55.1417980911
1390.0	30.9176528379	53.793699987	58.0843648707	48.6486525602	55.8510527038
1395.0	30.5727788047	53.9557457344	58.4856029736	52.0845671622	55.6741570772
1400.0	30.7128752054	53.5336493025	58.063522299	52.7231324306	56.1319741447
1405.0	30.7640362154	53.3712301961	58.1232157023	50.3945179724	56.3712135615
1410.0	31.320292699	54.5742507245	57.6506229046	49.4443471291	54.5760173236
1415.0	31.9198898917	54.2714537198	57.0192354393	48.7472473207	54.3176162907
1420.0	31.4474530536	54.2941170745	56.8223020182	51.1399449122	55.1778596805
1425.0	31.0809486755	55.0163896051	56.785358217	49.7877372861	55.3569951973
1430.0	30.9602580379	53.6197516295	58.1643207747	49.9205818028	55.7406927468
1435.0	31.4903909972	53.0011191256	56.8554781791	53.5370324246	56.1153464542
1440.0	31.6044207426	52.7485432836	56.9380185048	55.4745689547	55.8718684024
1445.0	31.2372110252	52.130591979	59.5335971182	51.5927888883	55.2763262312
1450.0	31.4344120708	52.5821717968	59.9074092975	56.0978192162	53.6434910519
1455.0	31.5145509881	53.543975751	58.8214283894	55.373815322	53.5712050694
1460.0	30.7727041263	54.4886446203	58.6847367261	56.4746396426	54.1230259333
1465.0	31.429669161	54.449373565	57.1736394457	54.7818109224	54.3776812041
1470.0	31.3535533748	54.0458730372	59.0671781437	54.6918381638	53.2382915537
1475.0	31.4415770027	54.9213685347	56.523505232	52.1517388293	54.7300233298
1480.0	31.0090500822	54.6493881024	57.1248343808	54.2474400201	55.1163876042
1485.0	31.1743371193	54.308781613	57.4353829967	52.1636853359	55.0552799413
1490.0	30.1671810757	54.9505747778	58.3809841535	52.079642011	55.5850781942
1495.0	30.685708615	55.5645832953	57.2150709517	54.9251031865	54.6987531578
1500.0	31.1538191355	55.4496680522	56.7875611914	50.1540066678	54.7393773331
1505.0	31.5551954491	54.7727732358	56.2115115544	47.8862573173	55.3587782924
1510.0	31.4600954469	54.1966712016	56.7280164874	51.5840596715	55.2903403509
1515.0	31.4389097288	53.6330322519	56.1211074599	50.0259371929	56.5984964366
1520.0	31.6377986125	51.9117712009	58.814987335	51.8611321587	55.3139824463
1525.0	30.9883728831	52.5388094214	57.8582449983	55.6997351432	56.4629708735
1530.0	31.8322430209	53.9955472668	57.7747685057	47.0421587376	54.2592821775
1535.0	31.8017960177	53.3429264037	60.056688841	44.9524758957	53.1280163423
1540.0	31.9050668749	54.3066181163	58.1553474646	41.4380644703	54.0205262158
1545.0	31.4065142284	54.1280315275	58.5865771054	42.1835430365	54.7335648984
1550.0	30.7947948488	53.9457060851	59.6227022192	38.9410233567	55.5310797261
1555.0	30.6601977254	53.7491736107	59.706797202	41.0290078144	55.7123019704
1560.0	30.8301640705	54.4478777901	58.2345896971	40.166511911	56.0849652558
1565.0	30.7281223799	54.0246617243	57.2136999531	40.617369141	57.5858435398
1570.0	30.6229342819	54.615154348	58.1945252682	40.8398446333	56.3008693014
1575.0	30.5130422246	55.0263527072	57.2481884487	42.6962993237	56.7754882511
1580.0	31.1305018048	56.7649380268	56.4721005782	39.6702296249	54.8030709422
1585.0	30.7292597742	54.5983063836	57.925535327	45.1323168299	55.9178467345
1590.0	30.9287731179	54.6412461181	58.2403056715	48.5328903309	54.8525471238
1595.0	30.8751692526	57.0332193712	57.1720225455	47.5579306628	53.6266339079
1600.0	30.8447433097	55.5913524752	57.4692778003	44.5870388408	55.1589616533
1605.0	30.1276182638	55.462133243	56.5263827429	44.4451319174	57.5852313504
1610.0	30.3272748419	55.5509806623	56.2983561643	38.0948122192	57.9373571846
1615.0	30.8271467627	55.9954408805	56.8748875494	43.3214842468	55.4516047529
1620.0	30.66430326	54.7492251425	56.2431825908	45.3326552458	57.3908709436
1625.0	30.4788261553	55.8348647737	55.9391843881	39.4059330716	57.542430566
1630.0	29.647629986	56.2112573048	56.8411686226	43.8971469237	57.5675449898
1635.0	29.7956891637	55.3638155023	56.5498334709	41.7672312546	58.5940826773
1640.0	30.2904636281	55.1462616388	57.3846118317	44.6579881075	56.7816991752
1645.0	29.6940128801	56.4227959753	55.7922284123	40.677822315	58.5293177266
1650.0	30.7722018339	55.1716047706	56.4820014545	43.5375542932	56.7172743366
1655.0	29.8971637462	55.8957638743	58.4667316184	41.7021329434	56.1405473374
1660.0	30.3944349135	54.6779655893	57.2955019009	43.029840945	57.2850858416
1665.0	30.3252326477	55.0461837362	57.3388060023	43.4444161841	56.9749488166
1670.0	30.5013914032	54.7912200658	56.9878046929	43.3785859164	57.199987373
1675.0	29.8830996434	55.142152126	56.7553269561	41.737761133	58.4589399531
1680.0	29.4876339333	54.7170374676	57.786286907	42.8820044261	58.6328144042
1685.0	29.5026421242	54.3581354671	58.5292551927	39.4698694011	58.634163226
1690.0	29.1205674826	55.3462760525	58.1698677222	44.6569304276	58.2148695494
1695.0	30.1439591898	54.3567074812	55.7594491098	46.5452195538	59.1382229889
1700.0	29.6906040658	55.6388877118	55.7707960276	51.5900807298	58.248054698
1705.0	30.0451055172	54.2715827652	57.2342518656	46.7642570701	58.0718429961
1710.0	30.2138470992	55.6990895309	56.1716186948	51.4841792299	56.7911620442
1715.0	30.4167077677	55.8814258672	55.6316272654	50.420022939	56.795558799
1720.0	30.5385283552	55.1191559709	56.23787616	51.2306882879	56.6875393824
1725.0	30.4306210188	54.3666554652	55.9848397627	51.764208712	57.8302258436
1730.0	29.7965666849	55.2975008974	56.4720709687	54.7485266597	57.4304817823
1735.0	30.0000054929	54.6333479446	56.3947604298	50.9216884336	58.1400463662
1740.0	30.5673920879	55.2631076681	57.2516897098	50.4514699702	55.6512909985
1745.0	30.5561092574	54.9321524569	57.2315758232	48.8836777195	56.1797150385
1750.0	30.2784808004	56.2374172992	57.1469458027	48.4541252573	55.5488843405
1755.0	30.2184673903	55.9192425891	56.1255874709	50.852434977	56.6663988767
1760.0	30.6028225896	55.4957957578	57.3771366173	44.3320722419	55.8468105016
1765.0	29.5041066971	54.2438803613	56.7110434788	49.0877255236	59.4200786732
1770.0	30.0879433216	54.1105467606	56.395590504	50.2058402164	58.557770478
1775.0	29.5640863086	54.5581390488	58.4075138118	49.6971363898	57.3979865071
1780.0	29.1053315849	54.7889582358	57.8104239145	46.2643997156	58.965386026
1785.0	30.6590634416	53.6070671983	58.0437854328	46.7757703767	56.7787090652
1790.0	29.7907270025	56.0970017565	56.7458551533	49.413783822	56.9297176424
1795.0	30.2853055415	55.6176058111	57.8947923512	47.5190999482	55.5753859271
1800.0	30.0935149369	56.1238112798	57.4910253046	49.3554458715	55.632576548
1805.0	30.2185289345	56.2730543783	57.6151233658	51.1486746653	54.9422572247
1810.0	30.4687515088	55.4258671988	57.9095043205	51.7220855761	54.9666176135
1815.0	30.4932489321	55.1896816598	56.7537620372	56.2979531329	55.7365183782
1820.0	30.1125736219	56.8325585729	56.9033989433	49.6148656272	55.388577892
1825.0	30.5180705561	55.7436426303	56.9828942473	59.4024255689	54.6163440819
1830.0	30.4210420563	55.785176572	57.7216894123	53.3905488527	54.7050444083
1835.0	30.2558151092	54.4792241595	58.1513048291	50.6378595269	56.2300189348
1840.0	30.3893909105	54.2735394469	58.9630737243	56.3421109301	54.8675502311
1845.0	30.3581577899	55.0841854929	59.0400312101	53.5907069959	54.3252204903
1850.0	30.8439379119	55.4171231099	57.7053179344	53.2649723786	54.2546102411
1855.0	29.3147440327	55.6133282677	58.0820498814	58.7480612274	56.2294469823
1860.0	31.0045430373	53.3680343867	58.4590849643	48.3751863382	55.7930896883
1865.0	30.2203253669	54.7560233623	59.0026323401	49.86626307	55.3351571581
1870.0	30.8197879141	54.8278013634	57.5950172147	50.2084294354	55.2971392506
1875.0	30.8638254897	53.4873246324	58.6903653179	53.9353340901	55.1910041402
1880.0	30.6221148095	52.5269277866	59.0736756547	51.9881271835	56.4846536159
1885.0	30.5330867934	53.3585416615	59.525616708	52.7805544862	55.3450680037
1890.0	31.030556241	52.9739517823	58.0049945283	53.8150997684	55.9997740343
1895.0	30.6071351924	54.2324640636	55.5785845066	57.794248421	57.37394972
1900.0	30.1087070412	52.140546149	59.4124843839	51.948866255	57.5967539578
1905.0	30.5915523105	53.2260162989	56.9026105908	52.7362720852	57.7257634432
1910.0	30.1818516659	54.0035783974	57.1940474554	56.0776929219	57.1712225374
1915.0	29.9646699589	54.457950602	57.5627345024	50.9918181572	57.3280061304
1920.0	30.6189635915	52.9224579542	57.1858607935	53.9776788605	57.5954289522
1925.0	30.4316105935	53.7784699515	57.4262639255	54.7230038571	56.8232838144
1930.0	30.3224881892	53.0525337542	57.585582819	55.3860910299	57.5577190424
1935.0	29.7754555774	53.9690078355	58.4665030937	49.4256285423	57.538544924
1940.0	30.0173344571	53.6643577179	56.937919838	48.4314695881	58.8345829401
1945.0	29.7575866529	53.8818062755	59.5433495767	49.0189282346	56.7329728017
1950.0	29.524848168	54.065584469	57.8223304172	49.6331881721	58.502126758
1955.0	30.5197587456	53.3420298025	57.9078269992	49.2092469716	57.2013063942
1960.0	29.7413963751	53.4692168893	59.1877893938	51.5320617343	57.2466194189
1965.0	29.8282547351	54.1444892463	58.5335120505	51.8895288839	56.9507593183
1970.0	29.6062670385	54.5461613519	58.5894933724	48.9440584008	57.2372710414
1975.0	29.8812468058	54.5850514488	58.5475497018	52.0722756576	56.3732654814
1980.0	30.1849589774	55.4408358521	57.6181171252	46.7719352646	56.2766993531
1985.0	30.220354578	54.5855554399	58.0697937381	49.0600376704	56.4257520276
1990.0	30.0557121904	55.8953900018	56.5521405297	48.3984299257	56.8773139856
1995.0	30.7316096642	55.2571554423	54.9589017169	51.4265053656	57.294746906
2000.0	30.7298830291	54.6362518936	55.7911550767	52.4134414604	57.0715146119
2005.0	30.5917611213	55.0640008281	55.2693869523	47.4445745889	57.8865236973
2010.0	30.0476814294	55.2348083371	55.7814444857	48.1885684824	58.2685074176
2015.0	30.8209110545	54.2129969502	54.5414888506	52.2533704668	58.453319616
2020.0	30.4768102775	54.0090020091	55.8202239769	48.6538516232	58.5547339311
2025.0	30.6996522045	53.9735955824	55.2827834443	48.4352157992	58.6500199941
2030.0	30.9055871888	54.6065778338	54.082502692	50.0669707258	58.5221857212
2035.0	30.4977656845	54.0690168507	56.097534479	58.2937270942	57.2391847088
2040.0	30.4380878317	54.4991326071	55.8890017709	55.3093714418	57.4145302712
2045.0	29.8401250283	54.2460760224	56.3783422463	60.6095842907	57.8930965386
2050.0	30.3020990935	52.8925906875	54.5648811885	59.4197956886	60.0737207344
2055.0	30.4546569586	53.179393063	54.2093999664	59.8124123903	59.7624861717
2060.0	30.7290054259	54.0822208091	54.3203292919	63.3921040523	57.8530740112
2065.0	30.5068163626	53.7025820305	54.1676831705	64.2908659783	58.7246668261
2070.0	30.4049365953	55.0083709503	55.8409949301	54.5323591941	57.0925405586
2075.0	30.6798472458	53.8809823803	56.7987550375	54.9346617111	56.7678121265
2080.0	29.9229371976	54.5650683263	56.3981883519	55.6872166586	57.882908341
2085.0	29.8951364485	56.3663737385	53.953693396	57.7666801722	58.1292078976
2090.0	30.5667762742	54.9788117761	54.1882259093	57.9279669329	57.9462354364
2095.0	30.8941634133	54.751659198	54.4750058865	56.3851019974	57.4148963425
2100.0	30.6343623595	55.2050908194	54.4433823813	60.2608593892	57.1219121372
2105.0	30.7624071213	53.2280668002	54.7626827066	59.0687799591	58.6747202632
2110.0	30.8184602795	53.322103035	54.5117339283	60.7047064766	58.5308065589
2115.0	30.5900468865	53.3329339537	54.7852557468	57.0984819846	59.0912816331
2120.0	31.0664686256	52.5810961621	55.0072064215	53.627546011	59.03756522
2125.0	30.7806270572	54.5253820505	54.3784947675	57.051620244	57.8884079152
2130.0	30.0788636828	54.3499698002	55.8076668389	61.904685952	57.6957716333
2135.0	30.6595770109	55.0982395355	54.528777217	53.2798223147	57.7996576959
2140.0	30.2715784513	55.0664116058	55.2915629777	56.4113711453	57.6076882416
2145.0	31.0710246578	53.1533889926	53.9199470519	58.3882769012	58.9586968285
2150.0	30.7535510512	52.9040794929	52.5980433967	61.4997031855	60.7214266829
2155.0	30.7666226423	53.894244422	55.5659956124	56.4371571691	57.5402306161
2160.0	31.4457198005	53.937634918	53.9922020852	61.9404675737	57.0047674067
2165.0	31.0380140012	53.2878313572	53.5655000992	53.8214197993	59.6659907177
2170.0	30.8514767159	54.0542739935	54.505391791	59.4356738577	57.8652546836
2175.0	30.4065291869	54.0622991649	53.3752555131	65.761183106	59.131615269
2180.0	30.9436358495	52.410972725	55.1591053174	64.3432112697	58.2450977483
2185.0	31.1777405573	53.3944222582	55.0119200158	60.5220295951	57.308047167
2190.0	30.9871354991	53.632812472	54.5520280537	62.2107590831	57.695860263
2195.0	31.6328561166	53.5095572957	55.2199599591	62.7942194754	55.8681930715
