# Time(ps)	Thickness
0.0	45.1742248535
5.0	45.1476460775
10.0	44.8530700684
15.0	45.2745503743
20.0	45.506233724
25.0	45.2756551107
30.0	45.2910725911
35.0	45.2104268392
40.0	45.4664286296
45.0	45.2030314128
50.0	45.474625651
55.0	45.5453735352
60.0	45.5196879069
65.0	45.4260131836
70.0	45.0608317057
75.0	44.9312561035
80.0	45.1620788574
85.0	44.7357930501
90.0	44.9329101563
95.0	44.7935506185
100.0	44.9874898275
105.0	44.6014485677
110.0	44.76875
115.0	44.6920979818
120.0	44.7693990072
125.0	44.8821085612
130.0	44.9705729167
135.0	45.0875020345
140.0	44.8051656087
145.0	44.5856140137
150.0	44.7524068197
155.0	44.5559041341
160.0	44.6021708171
165.0	44.6239766439
170.0	44.4058247884
175.0	44.7207295736
180.0	44.9643330892
185.0	45.0641520182
190.0	44.9829223633
195.0	44.9269938151
200.0	44.6064331055
205.0	44.9962341309
210.0	45.4368469238
215.0	45.5667134603
220.0	45.3462198893
225.0	44.8537902832
230.0	44.9893432617
235.0	45.3804280599
240.0	45.177520752
245.0	45.2360493978
250.0	45.3529174805
255.0	45.255662028
260.0	45.3298095703
265.0	45.5836324056
270.0	45.569913737
275.0	45.7586568197
280.0	45.7385904948
285.0	45.6264261882
290.0	45.372269694
295.0	45.1573059082
300.0	45.5088562012
305.0	45.1145284017
310.0	45.3288146973
315.0	45.4355529785
320.0	45.3417277018
325.0	45.516973877
330.0	45.3309631348
335.0	45.2424560547
340.0	45.1302469889
345.0	45.0651753743
350.0	45.3344014486
355.0	45.072454834
360.0	45.2789286296
365.0	45.5420939128
370.0	45.2861938477
375.0	45.0941202799
380.0	45.0871704102
385.0	44.9745605469
390.0	44.924995931
395.0	45.1470255534
400.0	45.2692891439
405.0	45.3366088867
410.0	45.3690816243
415.0	45.4949890137
420.0	45.2296630859
425.0	45.0819091797
430.0	45.0877848307
435.0	45.3681559245
440.0	45.3244852702
445.0	45.0695597331
450.0	45.1163696289
455.0	45.1006551107
460.0	44.6852762858
465.0	45.3536865234
470.0	45.2446716309
475.0	45.3627441406
480.0	45.08887736
485.0	44.9824462891
490.0	45.0915934245
495.0	45.227154541
500.0	44.8277933757
505.0	44.9114298503
510.0	45.1149617513
515.0	44.943157959
520.0	44.7779012044
525.0	45.3332987467
530.0	45.3836995443
535.0	45.0108194987
540.0	45.3051249186
545.0	45.4805196126
550.0	45.3409667969
555.0	45.1798665365
560.0	45.0938476562
565.0	45.0241475423
570.0	45.3908874512
575.0	45.0507588704
580.0	45.2085713704
585.0	44.8430033366
590.0	45.1910257975
595.0	44.8420145671
600.0	45.1782185872
605.0	45.3009094238
610.0	45.3576436361
615.0	45.3436279297
620.0	45.5373982747
625.0	45.7629414876
630.0	45.5890563965
635.0	45.6375061035
640.0	45.7012898763
645.0	45.9435974121
650.0	45.7251220703
655.0	45.3273885091
660.0	45.4679870605
665.0	45.3908081055
670.0	45.4146850586
675.0	45.4809692383
680.0	45.6720174154
685.0	45.9233113607
690.0	45.4704264323
695.0	45.7289164225
700.0	45.8305806478
705.0	45.6552225749
710.0	45.6250203451
715.0	45.7733398438
720.0	45.3088826497
725.0	46.1217956543
730.0	45.8907104492
735.0	45.5460327148
740.0	45.4371439616
745.0	45.6312113444
750.0	45.3378560384
755.0	44.9410868327
760.0	44.8709574382
765.0	45.0288879395
770.0	44.823651123
775.0	44.7697041829
780.0	45.1568888346
785.0	45.0912984212
790.0	44.8649353027
795.0	45.1585835775
800.0	45.1083251953
805.0	45.2620666504
810.0	45.4223490397
815.0	45.0010925293
820.0	44.6626505534
825.0	44.7761210124
830.0	44.9640096029
835.0	44.9079427083
840.0	45.202919515
845.0	45.2846557617
850.0	44.9936075846
855.0	44.9234659831
860.0	44.9012430827
865.0	44.9404296875
870.0	44.7709615072
875.0	44.8205301921
880.0	45.0429951986
885.0	45.4924235026
890.0	45.3660685221
895.0	45.412105306
900.0	45.422442627
905.0	45.4194844564
910.0	45.3063842773
915.0	45.1984049479
920.0	44.9986490885
925.0	45.011706543
930.0	44.8698160807
935.0	44.9827250163
940.0	45.0755493164
945.0	45.3212117513
950.0	45.1720967611
955.0	45.3586914063
960.0	45.2051147461
965.0	45.4991007487
970.0	45.0414693197
975.0	45.1889322917
980.0	45.3221720378
985.0	45.225390625
990.0	44.927541097
995.0	45.440427653
1000.0	45.2358317057
1005.0	45.0988057454
1010.0	44.7958760579
1015.0	45.3361043294
1020.0	45.090826416
1025.0	45.3325907389
1030.0	45.3943522135
1035.0	45.158207194
1040.0	45.1840189616
1045.0	45.1020650228
1050.0	45.1858174642
1055.0	45.2595316569
1060.0	45.1401896159
1065.0	45.5148417155
1070.0	45.2083821615
1075.0	45.2144165039
1080.0	45.3180623372
1085.0	45.2536987305
1090.0	45.1521911621
1095.0	44.9842305501
1100.0	45.0089579264
1105.0	45.0583821615
1110.0	44.5371968587
1115.0	45.0325032552
1120.0	45.2640136719
1125.0	44.7886393229
1130.0	44.9077677409
1135.0	44.8349141439
1140.0	45.0708984375
1145.0	44.9353678385
1150.0	45.1075480143
1155.0	44.9104654948
1160.0	44.9431274414
1165.0	45.0612874349
1170.0	45.2490926107
1175.0	45.1995137533
1180.0	45.004095459
1185.0	45.6102010091
1190.0	45.3113728841
1195.0	45.2845357259
1200.0	45.1738464355
1205.0	45.1473429362
1210.0	45.207035319
1215.0	45.2129353841
1220.0	45.4131937663
1225.0	45.3832580566
1230.0	45.6519999186
1235.0	45.7475870768
1240.0	45.4508931478
1245.0	45.7841105143
1250.0	45.7084391276
1255.0	45.8667744954
1260.0	45.5766133626
1265.0	45.8330362956
1270.0	45.5316975911
1275.0	45.4329996745
1280.0	45.4327392578
1285.0	45.4732421875
1290.0	45.710369873
1295.0	45.8339701335
1300.0	45.4818603516
1305.0	45.797857666
1310.0	45.5915262858
1315.0	45.6525634766
1320.0	45.5900146484
1325.0	45.1544677734
1330.0	45.310550944
1335.0	45.224621582
1340.0	44.983005778
1345.0	45.0703145345
1350.0	45.174210612
1355.0	45.4842936198
1360.0	45.1174845378
1365.0	45.1271443685
1370.0	45.0714335124
1375.0	45.1116556803
1380.0	44.7434102376
1385.0	44.8473429362
1390.0	44.9644165039
1395.0	45.0374572754
1400.0	45.06015625
1405.0	45.0296447754
1410.0	44.8197102865
1415.0	45.0440124512
1420.0	45.2284484863
1425.0	44.8702250163
1430.0	45.0039978027
1435.0	45.3098632813
1440.0	45.0825520833
1445.0	45.3047505697
1450.0	44.8003458659
1455.0	45.4049194336
1460.0	45.116003418
1465.0	45.0384887695
1470.0	44.9375630697
1475.0	45.0284362793
1480.0	45.1726786296
1485.0	45.1048624674
1490.0	45.1430277507
1495.0	44.7198262533
1500.0	44.7252563477
1505.0	44.8335286458
1510.0	44.6316955566
1515.0	45.0463663737
1520.0	44.8480163574
1525.0	44.7107788086
1530.0	44.7435099284
1535.0	44.8283040365
1540.0	44.8148091634
1545.0	44.8348734538
1550.0	44.5538452148
1555.0	44.5495829264
1560.0	44.3501200358
1565.0	44.3845743815
1570.0	44.2560852051
1575.0	44.8231119792
1580.0	44.7587097168
1585.0	44.8301289876
1590.0	44.6781738281
1595.0	44.6081929525
1600.0	44.7808125814
1605.0	44.469736735
1610.0	44.477927653
1615.0	44.3913675944
1620.0	44.347454834
1625.0	44.6717976888
1630.0	44.622273763
1635.0	44.906825765
1640.0	44.930871582
1645.0	44.9496520996
1650.0	45.0042826335
1655.0	45.1186991374
1660.0	45.0599955241
1665.0	45.272273763
1670.0	45.1377665202
1675.0	44.8389322917
1680.0	44.8401509603
1685.0	44.963494873
1690.0	45.2856750488
1695.0	45.159761556
1700.0	45.1976460775
1705.0	45.2424825033
1710.0	45.0597859701
1715.0	45.350793457
1720.0	45.6548380534
1725.0	45.5037943522
1730.0	45.5378377279
1735.0	45.1210367839
1740.0	45.0644002279
1745.0	44.7128153483
1750.0	45.1785888672
1755.0	45.6354329427
1760.0	45.3952087402
1765.0	44.9252726237
1770.0	45.2508931478
1775.0	44.9426778158
1780.0	44.8526855469
1785.0	44.9554016113
1790.0	44.9831156413
1795.0	45.2050272624
1800.0	45.2059651693
1805.0	44.8865193685
1810.0	44.7913879395
1815.0	44.4945576986
1820.0	44.8459818522
1825.0	45.1863728841
1830.0	44.8913736979
1835.0	44.8942504883
1840.0	44.8070780436
1845.0	44.7597473145
1850.0	45.2760884603
1855.0	44.7311706543
1860.0	44.4374369303
1865.0	44.9679158529
1870.0	45.2143717448
1875.0	45.0073425293
1880.0	45.1309285482
1885.0	45.3052897135
1890.0	44.9631490072
1895.0	44.5769205729
1900.0	45.1001322428
1905.0	45.2153910319
1910.0	45.0155782064
1915.0	45.3136535645
1920.0	44.8994466146
1925.0	45.489074707
1930.0	45.3351216634
1935.0	44.7759175618
1940.0	45.0222880046
1945.0	45.0539733887
1950.0	45.1604797363
1955.0	44.7218159993
1960.0	44.7805074056
1965.0	44.9854166667
1970.0	45.4862955729
1975.0	45.5518676758
1980.0	45.672660319
1985.0	45.2513549805
1990.0	45.4758728027
1995.0	45.364054362
2000.0	45.1524495443
2005.0	44.7467061361
2010.0	44.5370076497
2015.0	44.4880533854
2020.0	44.5308186849
2025.0	44.8448221842
2030.0	44.548819987
2035.0	44.7082845052
2040.0	44.4805114746
2045.0	44.399625651
2050.0	44.4346272786
2055.0	44.3589050293
2060.0	43.9733154297
2065.0	44.3309834798
2070.0	44.5722635905
2075.0	44.8405965169
2080.0	44.5526753743
2085.0	44.6613138835
2090.0	44.9540100098
2095.0	44.9800516764
2100.0	44.9231587728
2105.0	44.8602172852
2110.0	44.9509236654
2115.0	44.7851969401
2120.0	44.9829040527
2125.0	45.153116862
2130.0	44.8718200684
2135.0	44.5903788249
2140.0	44.6757588704
2145.0	44.5726806641
2150.0	44.6595316569
2155.0	44.4771789551
2160.0	44.3117390951
2165.0	44.9049397786
2170.0	44.6911824544
2175.0	44.8798400879
2180.0	44.6460998535
2185.0	44.9325785319
2190.0	44.8280822754
2195.0	44.5444478353
