# Time(ps)	CHL1	POPC	POPI	POPI13	DOPC
0.0	34.8393221023	57.6822906298	58.5884804968	73.5284676351	64.1668333303
5.0	33.9162443581	58.5113736922	59.0447364181	65.8234204545	65.5437564992
10.0	33.853428835	59.1905758175	58.6539916703	70.9219517068	64.8319772192
15.0	33.8632616238	59.9815133741	58.7167423929	71.4591735973	63.9112046732
20.0	33.7777254191	59.4488360078	58.899639178	67.1857028527	64.8777844912
25.0	33.8005949955	57.8316839447	60.0324714482	71.5336161435	64.9947882421
30.0	34.1903259482	59.4929206411	59.3760607137	70.2730791959	63.2709809967
35.0	33.836533282	59.4381191437	57.1681578744	78.0703079767	65.2406535692
40.0	34.2402828197	58.4273984406	57.8922788882	76.5935102872	64.939841196
45.0	35.5392280919	57.7209385515	57.6888948042	73.4231325211	63.5484270027
50.0	34.6653242609	58.3020434096	57.1915483683	77.3372418108	64.7715071046
55.0	34.7973791311	57.8082615856	56.8719130598	72.5556969577	65.7669741065
60.0	34.4292567911	56.5937015006	58.744871838	72.6015163577	66.0274452292
65.0	34.7087842331	59.3140237798	56.708516462	70.2285896854	64.8181315333
70.0	34.2869431883	58.1075703994	57.9023162949	77.7374814587	65.0429412402
75.0	33.6904784589	58.4109086432	58.8611799267	77.0536563726	65.1378974879
80.0	33.7832768136	59.4068889893	58.7902151547	77.4153774502	63.9840494812
85.0	35.026144281	58.3581743341	58.2492839731	82.9886735771	62.476546068
90.0	35.5049686055	57.0183203828	59.6028063586	79.5461511774	61.9847978826
95.0	35.1537285509	57.81140492	58.6813107385	72.7765022475	63.4005373209
100.0	34.151258051	58.7418042032	58.6818920611	70.612197107	64.6909782964
105.0	33.9299829597	59.0633813155	59.2654935378	68.6225708846	64.4857469791
110.0	35.1029669145	58.19213	59.3251112424	74.7988018552	62.3396004994
115.0	34.9078891644	59.3540541654	58.6583560044	71.3305808386	62.5147928658
120.0	34.8893228754	59.7336840156	57.9588644962	72.3783784105	62.6970950091
125.0	34.2431807607	60.362757231	59.339369108	76.6573188077	61.6899968874
130.0	34.6908975018	60.170002811	59.8686474862	66.7153211565	61.5051324107
135.0	35.0924114141	60.6268929536	58.160364536	72.3922716195	61.2149320349
140.0	35.2787378769	59.4102730022	58.6758328925	68.6994047288	61.9643139865
145.0	35.0185401706	59.4760083376	59.2731060108	69.306478968	61.8207209799
150.0	35.119132546	57.841259265	61.3890989012	70.5267628907	61.2279054378
155.0	35.324313808	57.9530363903	61.2387931394	65.4493310277	61.3487316356
160.0	35.3231270576	58.196916629	61.8737814167	68.6160784697	60.2191578645
165.0	35.5715311982	57.9236903049	60.5159891987	70.3853814721	61.0405588496
170.0	35.3387399861	58.2143010343	61.0776584531	67.5255170156	60.9960623428
175.0	35.7187378589	58.3241693253	59.7178461875	66.2422648047	61.4782779088
180.0	35.9391370897	57.9506277008	59.5305081582	71.6528682693	61.0385373782
185.0	35.5955276427	58.5403594686	57.8014897362	75.0005461019	62.3574573387
190.0	36.0158543841	58.1357637624	58.4442626624	73.9551636268	61.4473531474
195.0	34.8330105998	58.4171354247	60.3591774505	76.4028430723	61.5635783858
0.0	34.9256671807	58.1252957178	59.6428630663	72.410923962	62.7140091221
5.0	35.3618281546	57.1911249446	60.5219615768	76.8784364865	61.5378322317
10.0	35.8140404472	56.3111430266	59.2708858115	69.6449466757	63.3626872165
15.0	35.9829306511	56.8981509306	59.3754455771	75.228903727	61.7854664609
20.0	35.0831148169	58.8011615917	59.9590008103	75.2492920325	61.1547667868
25.0	35.8194846376	57.0600452848	60.6343243877	73.9689683265	60.9434139714
30.0	35.6366593381	58.3694945354	60.0833318613	75.3558171494	60.3567875103
35.0	36.2470715499	58.0513207206	58.2671887616	70.555933947	61.568901261
40.0	35.6983989133	58.3003486395	59.6454517997	72.7817745239	60.9539952943
45.0	36.0986755638	57.8999885608	57.5626131567	75.8638912586	62.1202027084
50.0	36.7024406522	58.1140490608	57.1487884447	73.8320574337	61.2742080465
55.0	35.927565935	56.261951678	58.1769351548	77.8758363492	63.3463209777
60.0	36.3509656957	56.4016278574	57.20509229	76.2877642532	63.3933704719
65.0	36.323588213	56.4615262371	56.7579214236	82.2352033942	63.1959395388
70.0	35.9928829217	57.4011113798	57.5056177239	79.4644538658	62.5219163196
75.0	35.9267491598	56.6317804815	56.9557315244	78.4047159767	64.024340127
80.0	36.1095952752	57.5706631736	56.7001392035	76.7561162618	63.1146350253
85.0	36.3975893459	57.7020765202	57.3902158823	72.8030605698	62.1814903622
90.0	36.7926068302	58.0016084547	57.0356128649	69.2240937004	61.7689541534
95.0	38.0224619861	57.4445021556	57.1530203135	70.6821065775	59.6149148677
100.0	38.2277947156	56.1803181732	55.8420612796	75.9634871084	61.1201463016
105.0	37.4959049274	57.6468574427	55.4621619013	76.6558911576	61.3901009629
110.0	36.6226114163	59.1213578127	56.8235041799	68.8387849279	61.2186335016
115.0	37.5068947607	57.1208513271	56.3123033784	71.7148242203	61.6230477267
120.0	38.0143060544	58.0466986967	55.1332724566	70.6432634041	60.85055745
125.0	37.7989472947	57.1045828092	54.4656656749	73.3124413928	62.5572953672
130.0	38.1901133034	56.5072322295	56.0021582675	66.0571577441	61.7151468963
135.0	37.9182116487	56.8228004779	56.4255347519	65.0289740268	61.6650370373
140.0	38.3519780719	56.7127520482	54.8282259667	62.7073473532	62.5773289448
145.0	38.1362098087	58.3217128478	55.3801853626	59.090874821	61.2648635124
150.0	38.1941874646	58.4589749136	55.2560690065	65.154964028	60.5170079348
155.0	38.3345080019	57.94486288	54.3014886919	59.8610002884	62.1389232066
160.0	39.0644272233	57.9824593921	54.3641324908	62.8986921814	60.281348065
165.0	38.4049440599	57.385263094	54.7214778733	66.7322883456	61.4924831686
170.0	37.9305459943	58.3635116863	55.3823799292	66.6947193611	60.8720039016
175.0	37.2386399188	60.1386760031	53.8062479074	68.601997065	61.7085856661
180.0	37.0412536664	60.0938233997	53.845848203	71.1327017116	61.8593435697
185.0	36.9701209118	59.9106122451	54.7231193629	67.2518855298	61.7834439584
190.0	35.9520078573	59.6783658516	55.7688778203	65.6478060513	63.2710478642
195.0	36.5983813357	58.5575388383	56.784344279	71.586158179	61.5914224537
0.0	36.2588106363	59.3367787417	56.1655779229	66.9972165986	62.5071512724
5.0	36.5188644955	59.3328685313	54.7986690136	65.2496422707	63.3959035248
10.0	34.6362649125	60.0394515893	55.8853179143	66.1901831506	65.3824100288
15.0	34.9687644162	60.2260081581	56.7445038013	65.6339664353	63.813241825
20.0	35.7859785722	59.1999538056	56.2021502874	65.1536159853	63.7411321387
25.0	35.9089584662	60.4179471936	56.0882560962	67.0684947598	62.1881335885
30.0	35.8076444407	59.748991877	56.910113843	68.1339121268	62.2134890347
35.0	36.2332024438	58.914151028	57.8281792553	65.3195630632	61.652458847
40.0	36.0326432792	58.602661063	57.1407589624	64.0907257404	63.1064753045
45.0	35.9193139204	59.1814156955	55.9306682889	66.519099418	63.6006841733
50.0	34.7234272157	60.7270421627	56.8285606468	62.6522897571	64.0255220245
55.0	35.2141312968	59.9071996933	56.3691328194	65.7430151737	63.9682276457
60.0	35.3184600887	61.2846102701	56.9507951795	69.7510016596	61.4579092034
65.0	35.2690402511	60.4303377131	57.6685620995	70.5571602859	61.6843753552
70.0	35.2618471478	59.8775544424	56.9609759859	69.8210487048	62.9620721994
75.0	34.2524400393	60.2907856265	57.6541025738	68.6956622126	64.0563364164
80.0	34.6336542045	60.7885081052	57.4674893583	70.5874719045	62.7749064883
85.0	34.0021715779	60.2427128367	57.4621842159	74.9447639977	64.1527427349
90.0	35.0623805096	60.9040008855	58.1415150153	74.0676036548	60.8474401327
95.0	34.9136452871	59.691067241	59.1720315494	69.0570160418	61.9313528065
100.0	34.7942719221	61.0116634262	58.2408277647	67.8519370492	61.8081993018
105.0	34.2350167183	60.6805672412	59.727758656	61.3698981273	62.5676541615
110.0	34.1363668326	61.8715429728	58.9756665546	62.4916929884	62.1387528771
115.0	34.4925762334	61.3862860967	60.5034860538	66.4419380576	60.1415215915
120.0	34.0689550117	61.8776869254	60.15052071	65.4706220991	60.9120856054
125.0	34.3541955806	61.5729333501	58.5755208343	65.3753488284	62.073453102
130.0	34.6749570969	61.6338242187	57.7805385844	65.0965478761	62.1142714043
135.0	34.3697143605	61.7408482625	59.1756416865	65.7932308972	61.2925871547
140.0	34.556440895	61.0645989976	59.0138209055	67.1172809797	61.6086220898
145.0	34.1299965979	60.07338303	59.7102820583	72.0584541471	62.331773327
150.0	34.7802762233	60.6351599218	58.3025919285	72.9820310788	61.6439996865
155.0	34.2069870789	62.3198428898	58.3368059455	70.8462263072	61.2886796559
160.0	34.7160163499	61.4292601161	58.8516997097	72.8064854107	60.5016628025
165.0	33.3606269967	62.2044603778	58.4254277376	74.9008287162	62.611659997
170.0	34.0021720922	63.4998046296	57.8855200081	75.4564293206	60.4634854597
175.0	33.9742406968	62.7925169058	59.4040957478	68.0457939712	60.6010188036
180.0	34.2646646501	61.494695147	58.4391920977	71.948201692	61.7961213105
185.0	34.308210683	62.4561834453	58.3254442403	68.7678763212	61.1679870595
190.0	34.2711059012	61.4439043623	58.0635136517	66.4897713495	62.7179092734
195.0	34.6312538657	62.3124706099	56.9110138374	67.3387378488	62.0814385331
0.0	34.5672426105	61.2055663544	58.2317962436	63.1347770394	62.5481199809
5.0	34.6914592413	63.3826156795	57.0819121836	64.1181217183	61.0591668472
10.0	34.0013849468	62.7202417279	58.7834699839	62.6696055697	61.7151112491
15.0	35.2516571549	61.2581379979	58.0870033922	64.9803263575	61.0724071156
20.0	34.6573003926	61.8929689952	59.3462692576	59.1397517304	61.0770291749
25.0	34.3562871868	61.3825390076	59.7093762605	61.8066944706	61.5960101507
30.0	34.326600108	62.9303038204	58.4585626286	60.6886202938	61.3451511437
35.0	34.7646554823	61.3421034461	58.8587609977	57.5280000699	62.0130822362
40.0	35.2771292799	61.7541327632	57.5453606432	62.206761847	61.290315156
45.0	35.1576146143	61.081572567	56.8387985558	57.9425006587	63.2642376737
50.0	35.1127713273	60.3270362306	57.9747430448	56.4524250763	63.2351474078
55.0	34.3309230158	62.0974517922	56.436129993	59.583601846	64.1000480984
60.0	35.8538983166	60.0694691896	57.126079591	58.6357492911	62.5559367015
65.0	35.4959899036	59.8947639746	58.4520691341	61.1090106629	62.0057037536
70.0	34.968477698	59.6764306608	58.8342744902	63.134134016	62.7326178311
75.0	35.40688318	61.1910850887	58.2079415861	60.5142119517	61.1668703696
80.0	34.887509373	59.7910509843	58.8296046186	61.0080751139	62.9967458519
85.0	34.9064151574	58.7521224963	57.9766930779	65.9095649224	64.2752915974
90.0	35.1991711824	59.7284279638	57.1386921803	63.8750217806	63.6712042401
95.0	35.1988349787	62.1708356826	56.2886325237	65.2317385381	61.8587358349
100.0	35.261996255	60.5372203689	57.9209010119	62.310281881	62.1892818072
105.0	34.8394084617	61.3116790661	57.8054708439	62.5844883928	62.3363505579
110.0	36.1652396346	59.0787345003	57.2923889722	63.7682877132	62.2609968521
115.0	35.3382006264	60.4886612809	57.0684028205	65.1816060866	62.5655593199
120.0	34.8000524472	60.6947167628	56.9431226276	64.3332576379	63.6332689922
125.0	34.4167532746	61.1440378851	57.7680151589	61.6551111693	63.4759836156
130.0	35.5636034848	60.9895199161	57.249180721	66.9421309189	61.2750340531
135.0	36.3943754314	59.7379315361	57.3176827012	62.9353114441	61.2041219712
140.0	34.6341291828	62.0512279807	56.3604790006	62.8347836804	63.2828899493
145.0	34.9197300863	61.2144958937	57.0668398748	61.7597660034	63.0201469193
150.0	35.173630302	60.6975648666	58.3443937772	56.6669596392	62.3887811069
155.0	34.6449772533	60.9414622313	57.8042311583	59.1092051099	63.444146859
160.0	35.2326311005	60.8790554634	57.9182010769	55.625757101	62.5769716442
165.0	35.4896985987	60.7037435646	57.1027348232	58.5076163907	62.6839284701
170.0	34.3290517745	60.7733621583	57.9436001584	62.1089004961	63.8186995148
175.0	34.2711025244	61.2973090701	57.6685829692	62.2402915229	63.6450419519
180.0	35.980815395	58.6676232644	58.3254056158	63.329605667	62.1550849334
185.0	35.6267442478	60.2205542545	57.4790865195	65.205605141	61.8845627938
190.0	35.5740028452	59.9848237888	58.4428617141	65.8513411212	61.2937181377
195.0	35.0652814176	61.2512134849	57.8640722486	64.2902212553	61.7218387934
0.0	34.9470875243	59.511203175	57.3866191814	63.1978509997	64.2371471734
5.0	34.9492113221	60.538119485	57.3911599073	67.2722450266	62.7944010075
10.0	35.4796901015	61.7017844206	56.8847730849	65.4971182447	61.2030139288
15.0	34.3246448224	60.8824316067	58.1821377458	71.0929884991	62.6053314811
20.0	34.7418967781	60.6613673183	57.0434182184	71.9697866009	62.9290149954
25.0	34.7571245019	62.4616113385	56.5608978748	68.26021744	61.9036111764
30.0	34.1078391373	62.7271188745	55.9918814012	68.4302080868	63.4316733556
35.0	34.5290373509	62.8475722913	56.3095804164	70.9410278536	61.9318278389
40.0	34.7088700835	62.6152528013	55.8686945484	75.237051503	61.7717693973
45.0	35.6566954042	60.213949034	57.1216255684	73.0515900038	61.3683763938
50.0	34.6770111145	62.5802386234	56.797767027	73.8762903221	61.1702811055
55.0	34.5342726661	62.2002298523	56.2642793693	72.7920493406	62.4245327892
60.0	35.3794189061	61.7247058156	56.6792710441	73.2652743086	60.7888425011
65.0	34.8098823167	63.4223569773	56.10228029	73.5809744478	60.7179866656
70.0	35.1872747988	62.359476167	57.4421930403	71.2508996682	60.0530706145
75.0	35.299909725	62.3311528886	56.7921116796	73.7390144902	60.1924318232
80.0	34.5671816638	62.0215000134	56.3121886247	74.2379180361	62.3495959562
85.0	34.9993564425	61.4723100171	56.2125308191	73.9354504177	62.1544111052
90.0	35.24854016	60.764948804	55.9430669375	76.8762667534	62.3118957455
95.0	35.2368354173	61.7994276153	55.9268272249	69.3365707708	62.0692777035
100.0	34.6582189509	63.048880112	56.691176001	69.1617050833	61.3067203712
105.0	35.3388873014	61.8189294157	55.9218263178	76.5504324507	61.1288664424
110.0	34.2921655179	63.3671403011	56.7527675419	69.8432372684	61.5969888958
115.0	34.6818509327	63.6640536724	57.7210192078	66.5058446505	59.9830312145
120.0	34.9723525671	62.6390595979	56.4024940567	68.4769007875	61.4166024308
125.0	34.9769052223	62.6608525177	56.0077663768	69.2423482444	61.6642682407
130.0	35.1022762868	62.6826044927	56.0975103821	66.8952801208	61.5458015069
135.0	34.8866311359	61.9746950659	57.6268990172	66.5393067532	61.3440596425
140.0	34.3532223355	62.5033764547	56.2581611434	66.8710287375	63.0809721875
145.0	34.4995943478	62.7069370735	57.0977942095	67.9885878881	61.7172228902
150.0	35.2429521622	61.6171433234	55.8623679836	64.7726621841	62.75378729
155.0	35.5119216343	61.8272901235	56.1811804009	63.2962067725	61.8664717195
160.0	34.8788257675	61.1667537157	56.1050400454	65.5390146308	63.6374382829
165.0	34.6630822725	61.9739200681	56.0363620961	68.8147418287	62.9960839182
170.0	35.014051806	62.0961186259	56.0123342392	67.0374800344	62.3712119298
175.0	35.1391015798	61.5431600886	55.3715889347	70.1545982813	62.9389381132
180.0	35.1414840273	61.7329919392	57.9263629549	69.4521064341	60.5153603857
185.0	34.5673713224	63.4004865133	57.4810815329	68.8518225053	60.4568489883
190.0	34.9979776101	62.6649821668	57.439363588	68.3201045416	60.4219154844
195.0	34.0732924912	63.4257946364	57.4175644964	64.3436218719	61.9278162982
0.0	34.9123364384	61.7884525835	57.6218766623	64.5302446208	61.6843221154
5.0	35.1223923523	61.3281744664	57.2549142506	67.641586365	61.7437314455
10.0	34.509987881	62.7736260941	57.8148109991	67.9301428021	60.9903507572
15.0	33.3267300091	63.159722003	59.4804092351	68.4844891698	61.4162441719
20.0	33.2739588233	65.1693984838	57.2708974246	63.2140403418	62.0276462142
25.0	33.8125629948	63.5400521471	57.3999592742	61.0489566796	62.6802104043
30.0	34.4531424658	62.7638526803	56.9551128374	63.2939008376	62.3511791548
35.0	34.3468775017	63.1783482169	57.1164097112	58.8317231854	62.4502462615
40.0	34.236182892	63.8350475902	57.6103915276	62.671193218	61.186273329
45.0	34.9908920631	62.0040282552	56.7735308119	61.6160257697	62.3666606955
50.0	34.8659876632	61.6121013847	57.8158852195	57.895377875	62.4423716761
55.0	34.8260261974	63.1879586003	57.1325484319	59.4579367993	61.4051507879
60.0	34.6073755026	63.999918406	56.2922415348	61.7076156544	61.5617491427
65.0	35.1422756893	63.0686273132	56.7987942489	62.0273102324	60.935473528
70.0	34.8253184195	61.8128270392	57.4006376211	61.7496252965	62.311252363
75.0	35.2272374564	62.0961510034	56.9682723875	68.1597505146	60.9721796425
80.0	35.597596627	60.3521096938	56.3881658879	68.1219060011	62.5013284948
85.0	35.7438042902	63.0626893015	55.768154736	58.7478536769	60.9937952734
90.0	35.0055577726	62.843024747	56.0696278517	62.5729589467	62.0360743349
95.0	34.9341867266	62.9169638261	54.6894833995	58.6852180016	63.7358462912
100.0	34.4760195707	62.5160703886	55.7329800536	62.835778402	63.6988403942
105.0	34.8150295988	63.7832934322	54.4742777496	63.3591091669	62.8341055527
110.0	34.8366420503	63.1437820465	56.0018472986	61.1853697036	62.2729691389
115.0	34.8369857413	63.8380793369	55.660215824	62.8541925974	61.7186093956
120.0	36.0826560361	63.4285843262	55.3136330028	59.816419724	60.2524462957
125.0	35.9330656802	63.4041869229	54.5386644588	62.2620252022	61.0288529372
130.0	36.2551407381	62.4952047615	54.876932249	63.3573608683	60.8797799584
135.0	35.8361767465	62.368829788	56.2566011821	67.6768097442	60.1704368655
140.0	35.420061331	63.4183803436	57.8358066648	59.7723561107	59.3222959946
145.0	35.9263823607	63.1436720196	57.4551639333	59.7937227673	58.9247893024
150.0	36.0969424041	61.3740900982	57.2267942596	61.0437567907	60.4338095535
155.0	35.2747691453	63.0838636525	58.2174794213	61.6505314712	59.4160175428
160.0	35.7331165361	62.6067277788	58.0225619483	61.2230517261	59.1946478008
165.0	35.897496308	62.9426502173	57.1686499913	59.6318197441	59.4576719433
170.0	35.6890716574	62.9376571369	57.7996951442	66.8394141192	58.5907977932
175.0	35.7569089686	63.332810459	56.6093942808	66.4764990437	59.1675014074
180.0	35.172117571	62.6151491832	59.0861473694	65.8833287634	58.8850057391
185.0	36.0821948199	62.8201924663	57.3181347117	62.661917918	58.7732163398
190.0	35.7845676873	63.4162708237	56.8689348834	57.3128559051	59.7115231664
195.0	35.4904485815	63.9097072862	57.5330949417	58.2619093822	59.1136922936
0.0	35.5312417882	62.6286800284	56.8228524863	58.5384256068	60.9246335733
5.0	35.8393088751	62.122638397	57.0944688813	58.1464813681	60.6093712478
10.0	35.5735719294	61.875533623	58.1500619478	58.8828831604	60.3641714659
15.0	35.1885990401	64.2462118787	56.1419690142	56.425795482	60.8165293641
20.0	35.5245482356	62.6810764654	55.6781950873	59.2787021082	61.8418004806
25.0	35.5511854755	62.5370971635	56.7224162361	59.6909252382	60.9515511157
30.0	35.0817228223	62.7739712691	57.3810598704	59.7832760843	61.0516149799
35.0	35.590642795	63.206000764	57.0790907279	58.1364646401	60.0380985569
40.0	36.6414805493	59.2017837972	58.5067147144	59.9546113324	60.4740001415
45.0	35.4228032637	62.0591169479	58.2846660597	60.5350603202	60.1957718914
50.0	35.7424683286	60.606397159	59.1024523935	63.4113546135	59.9856149247
55.0	35.594415761	61.4819684567	57.1603844288	64.5034472601	61.0448016909
60.0	35.5540962068	61.714032515	57.797643185	64.4339637625	60.3266683921
65.0	35.383918697	60.922050304	58.321835245	58.3105319635	61.5996392993
70.0	35.0633437418	61.5767942641	58.020379688	59.2510994906	61.763224176
75.0	36.4257060811	61.3952695034	57.4568657384	57.7386205928	59.8785077549
80.0	35.3351390054	64.0130099629	57.5580449518	57.2076449104	59.4040306803
85.0	35.9478255668	60.7347782929	58.5050591509	63.2811249633	59.9972287333
90.0	34.7568598944	62.611452503	59.1731986679	60.4783566463	60.1813795282
95.0	34.3551275071	63.593646917	57.74065861	59.433185789	61.3963097305
100.0	35.0796802995	62.3666414629	58.371730225	60.7727794236	60.472434415
105.0	34.8904527181	62.5895944264	59.2569406066	57.5262704269	60.1558343058
110.0	34.51083995	63.1774263578	59.0552424629	59.6421046357	60.2971946929
115.0	35.4629845025	62.6617692353	58.2934937011	57.4946971721	59.8088505862
120.0	35.5081464703	63.3306547406	57.3577886862	55.1328639814	60.1280396293
125.0	35.1935245783	63.394318611	57.5019375546	57.887552505	60.2884384973
130.0	34.5043096072	63.3224676775	56.912281882	60.407517152	62.0174044872
135.0	36.1823969079	61.5551360999	54.9040185525	58.9136732912	62.3853236364
140.0	35.1021192682	61.8993453932	57.6742223994	59.7154128208	61.6282564109
145.0	35.9580857037	59.9567759502	57.6086811852	60.8183592291	61.8076491755
150.0	34.4198702656	61.450497864	58.3249175759	66.8547165172	62.1421313712
155.0	35.6095664703	60.3613778938	56.8510822576	61.9879048953	62.6649976766
160.0	35.7490834715	60.2146263125	57.0520935337	56.9902305207	62.8514415109
165.0	34.8022068784	62.4853403683	59.1630013754	56.1344240696	60.6603828503
170.0	35.3288091904	60.7795979307	58.7447385974	60.4227962181	61.2604903147
175.0	34.4429760455	60.8198167179	60.9734579856	57.6042489498	61.2679257938
180.0	35.0014174618	61.0725643399	58.6813943192	59.376047515	61.7839603213
185.0	34.701507978	59.9929862542	59.758350345	59.6881655186	62.4629105947
190.0	33.5678918934	59.903543474	59.8236619294	60.2930984554	64.7002749171
195.0	33.459366806	61.8632215276	59.2525766666	60.6903711645	63.4319880838
0.0	33.9807902047	61.6871718974	57.7401046042	59.7852281952	64.0168418185
5.0	33.9306474883	59.8406637831	58.7986232248	58.9584256302	65.0937300469
10.0	34.2258801142	60.9891902663	58.9227894797	57.2851789043	63.4103100683
15.0	34.4722172155	58.2346707657	59.1708776497	63.4295370726	64.8343427943
20.0	34.3714020738	58.7411300353	58.4666068382	60.0395741905	65.5024635101
25.0	33.8840867863	60.0917053543	58.544554181	61.8238887523	64.8779132776
30.0	34.4547875745	60.1905093682	58.7688852088	59.3222373797	63.685835868
35.0	34.7605992439	60.4199925331	57.0827500121	64.3731921165	63.8573418433
40.0	34.8407289487	60.0011006131	57.4452465523	60.4770264345	64.1792227644
45.0	34.5420532359	60.3262188581	57.0058745458	61.9688364642	64.6977678845
50.0	34.9428745974	60.1847797078	57.4553138615	58.2083381297	64.0091491664
55.0	34.7387156	60.785723956	58.582456242	57.3821743034	62.88471975
60.0	35.1574340369	60.8972266275	57.6287494351	56.6005117922	62.8722527839
65.0	34.870562969	61.2592294902	58.6219922924	55.0295093249	62.347087473
70.0	34.5651310381	61.979967503	58.261474716	56.4636358406	62.4182379012
75.0	34.7044221016	61.5962384212	57.383720005	57.4488108467	63.2150291233
80.0	35.6561298373	61.6888623196	58.6119750439	53.2235885639	60.5359999975
85.0	34.6982642299	60.630002179	59.0852055661	56.082222063	62.798845183
90.0	34.9329839621	59.7997368503	58.7260795004	59.3623543648	63.1547657045
95.0	33.8217642003	61.3789265358	60.4288726362	54.5165707565	62.7501034628
100.0	34.5548609243	58.8465764095	59.6926602819	60.9718632598	63.8333691975
105.0	35.101854754	59.7728386414	58.0652524561	57.6674531688	63.6082341194
110.0	35.2556853551	59.3248197984	57.5581195895	61.765041331	63.7952405239
115.0	35.4735021799	58.2637678175	57.6275607634	54.7546707304	65.0591443497
120.0	35.202961017	58.1549788721	57.0826782132	57.9962534469	65.8752420988
125.0	35.3020140356	57.9867890749	57.831885061	60.7121345899	64.8995344442
130.0	35.4045407167	58.948810056	58.4797740501	58.0045559958	63.420175804
135.0	34.9408906106	58.6699308244	57.8522140586	56.6519396909	65.3264036034
140.0	35.4151168008	58.3346941183	58.140403015	55.9873081234	64.5202394857
145.0	35.3889556284	58.4659685683	58.480847495	55.3070340342	64.2029543713
150.0	35.4657439098	59.3333642182	56.795854217	55.7820328037	64.6509137032
155.0	35.1677938952	59.5520259393	57.7465959753	51.2524958709	64.6253896113
160.0	35.7748379921	58.3322693418	58.1292470284	53.6557345955	64.0464397967
165.0	35.0248968545	58.3562987077	59.691980035	51.6526251415	64.3161568117
170.0	36.2207667935	58.6660177598	58.8125628635	48.8565388265	62.6857135602
175.0	35.4432088264	58.6482188418	59.064777613	52.1992953925	63.6973928674
180.0	35.7527389821	59.5235083575	58.1445269291	51.9682152095	63.0544212218
185.0	36.4607165515	58.3568598058	57.3363761548	52.7127596474	63.4579417269
190.0	36.3540016548	58.9668698244	58.175233182	50.4376487675	62.533878036
195.0	36.2307630313	57.968517379	58.5952972617	56.9061834864	62.753771889
0.0	36.2555608269	57.6486923909	58.7986421102	50.2304996529	63.5086502186
5.0	36.303668902	57.9138574334	56.9486033174	50.2628250027	64.80909305
10.0	36.7076938127	59.0597805125	56.2801770149	49.8093787754	63.5019999987
15.0	36.8630980679	57.6557369781	56.7877650982	59.9687529642	63.1224999949
20.0	36.1087669299	58.4685981014	56.450817039	56.6905606553	64.4493708953
25.0	36.6603468465	56.4959685575	58.7281599082	57.0337412959	63.2348489932
30.0	36.6057286884	56.6870398974	56.4952286255	61.2330311039	64.7427283232
35.0	35.7375519833	59.2790453006	56.7066889805	60.0356547431	63.8164729286
40.0	35.8264532796	58.8363210557	58.5579209686	54.9428573699	62.9246654844
45.0	36.2121190692	60.0930588995	57.8744734415	56.4439652375	61.3615230599
50.0	36.6728518967	58.2003370471	56.3719075513	56.4520390732	63.6842757404
55.0	36.2681775025	59.6367125499	56.9615438021	55.9561323742	62.5762201885
60.0	35.3764322371	58.800149553	57.6219114377	57.8500533121	64.412548197
65.0	35.8325286916	60.4979871295	57.3429025698	62.2476912128	61.6139403899
70.0	35.1017696322	59.5756082655	59.8576533542	56.6906945391	62.2901123472
75.0	35.48539034	59.4693044006	58.2310652086	54.900140942	63.2721771017
80.0	35.719081337	58.4500860198	57.7109382608	54.2498810866	64.3571107846
85.0	36.1410515696	58.7257091135	57.2182504558	56.5525997889	63.4507804495
90.0	34.6082843133	60.1092755011	57.8673570555	61.4580347059	64.0580057767
95.0	36.2087282397	58.3222788296	57.0530191631	52.7415049498	64.2487512248
100.0	36.1052002304	58.6109980853	57.6710990579	58.8703166277	62.9978608384
105.0	35.1785061289	59.5294041408	57.2027965153	54.7112284623	64.7703242737
110.0	35.4302121085	58.4735873118	58.0352488023	59.3286002298	64.1116617261
115.0	35.9824120627	58.3412039619	58.6641490713	57.2718609717	62.7793562465
120.0	35.5941039526	59.5834907007	59.3739353017	59.5343307655	61.4485723178
125.0	35.2684636225	59.8136128229	59.1942035619	53.8110191771	62.6037819848
130.0	35.4218997055	57.6579406293	59.7402217082	59.9942463647	63.3428889116
135.0	34.9879961438	59.1932406811	58.6086900109	62.1929910471	63.4738750824
140.0	35.5763056622	59.0156328093	58.3645482835	54.2484057035	63.4890995371
145.0	35.3935815581	58.2925061636	59.225799685	55.0093743681	63.726378525
150.0	34.9379133503	58.8160736922	59.7244978278	58.5065139549	63.3156374545
155.0	35.9903154035	59.2124891852	57.9338382289	52.4127719236	63.0353426013
160.0	35.263909894	58.3661699159	58.7417633652	59.9145525322	63.8571851806
165.0	34.9737749874	58.306467698	58.3006781683	57.5922604029	65.1264533589
170.0	35.1572887188	60.7622047488	57.6666506532	55.8110040482	63.0523904881
175.0	35.1844599495	59.5171224344	57.5998379682	58.5517623904	64.029183819
180.0	36.0529693784	59.577838325	56.8669473583	57.2212749342	63.0241196674
185.0	35.0776195196	58.8244632474	57.9500320252	56.6585194694	64.8096602507
190.0	35.4796027034	60.6824549758	57.6141171889	54.1523842048	62.700714569
195.0	34.9377041075	61.8436290736	58.8147424708	51.7251713912	61.7854504953
0.0	34.9326099066	60.5850025905	59.0957602444	55.0095908474	62.4728240113
5.0	36.329970738	61.2566433249	56.0426257879	52.6113311285	61.9942007638
10.0	36.189472537	60.1668677487	57.9757386231	53.8829947451	61.497953732
15.0	34.9010081319	61.8898220454	59.0452409921	47.7752342689	62.0001345563
20.0	35.80177694	59.1870257102	58.8135324176	49.2366044764	62.9638010867
25.0	35.373019067	59.8765781356	59.5976081279	54.6006765995	61.8897721482
30.0	35.8312548029	59.3735786507	58.3058000007	55.1326353758	62.5856399122
35.0	35.5688333815	59.6733609913	58.6108342904	56.5854346778	62.3909288962
40.0	36.0106067818	58.4127465755	57.389898671	57.3515114939	63.7902308871
45.0	36.4951118404	57.5630539228	58.1429308303	59.9908276101	62.7293103694
50.0	35.9131660222	59.4054081016	57.6523056225	58.1346974748	62.6779484495
55.0	35.6126516616	58.4929724074	58.5207016606	57.2486438048	63.4985176648
60.0	35.1984622697	58.7633617482	57.6341229782	60.8426299122	64.4949747449
65.0	34.3591247676	59.656488056	59.3807062477	58.0057179284	63.9923348319
70.0	34.6459790875	61.6054026369	58.0926326709	56.4531880656	62.7841526205
75.0	34.7342113131	58.4539249841	60.2717498689	56.9164680983	63.7516371656
80.0	35.6612177814	59.0669117179	56.6277181686	59.5311734549	64.3028196313
85.0	35.6537227734	57.7418834134	58.1762797218	65.6382272135	63.6384283522
90.0	34.8631738573	58.6077143088	58.9708035138	61.1479816093	64.0877248055
95.0	35.0851390246	59.2430104794	58.5060456717	57.4093604878	63.8006823852
100.0	34.8037089736	57.816973168	59.5304275134	60.0407592487	64.6044155653
105.0	34.5528301471	58.707033086	57.8628522184	56.8257555672	66.0384277864
110.0	34.9975165824	58.0626295506	60.7210343713	58.908710856	63.0127648719
115.0	35.156950235	58.6989000551	59.8078843379	55.3424520227	63.2360643108
120.0	35.1221663487	57.8126454811	59.0667326297	56.1067589212	64.7824977148
125.0	34.7999866371	59.0381810633	58.5277017739	56.4926134057	64.6479200196
130.0	34.5626897179	59.4636160146	58.8526894148	55.5147756896	64.5022769229
135.0	33.5612057378	60.0319816057	59.2455685409	56.2648367569	65.5084345786
140.0	34.1251366481	57.8453059823	60.239679956	58.556616817	65.4432645783
145.0	34.2530293171	59.2509870842	58.886732123	58.503970167	65.0047387603
150.0	34.0120743436	57.154933221	60.8096757078	54.1290733852	66.289425579
155.0	33.7475844842	57.3367590018	60.0219164106	56.1442807291	67.1441804517
160.0	34.1853811292	57.8663665043	59.4333350223	61.1044618243	65.772599539
165.0	34.6042422922	58.5144703095	59.9141643593	51.5560861444	64.808931601
170.0	34.449087015	60.3782421147	59.2996040921	53.591644351	63.6050031887
175.0	34.5441783181	57.6687737463	60.4503807709	53.1984409631	65.1279638677
180.0	34.0473044586	58.1889801942	60.076528267	59.3566303843	65.3222122026
185.0	34.2301005212	58.9672547455	60.4773626755	53.5797517635	64.3951637434
190.0	34.702326804	57.9712124043	61.9694356341	55.4905556823	62.9128057895
195.0	33.9091857023	58.9437743058	60.8872544133	54.218749163	64.6277524016
0.0	33.9213049484	60.1987879044	59.1131683199	56.4473937332	64.7222710482
5.0	35.2002083358	58.6515894392	58.1002066948	57.4419182474	64.5237648223
10.0	35.0959064034	58.3281141571	59.6285319546	52.0866705354	64.2159805451
15.0	34.869668638	58.6204978822	57.2503267101	54.1656855393	66.30854556
20.0	34.8245064692	57.8178674074	59.1198381314	56.2664930933	65.3088032541
25.0	34.29608371	58.5988591709	60.0659906122	56.9004717538	64.6697478164
30.0	34.6338458532	58.4585968009	58.6452333069	56.5321534197	65.4499617646
35.0	34.1921988819	57.0097719477	61.4410436701	59.0197620222	65.0171396236
40.0	33.8014817282	57.2499230332	61.2959464862	59.0451186442	65.6865054222
45.0	34.9498449985	56.3623871203	60.9311461094	59.4144948278	64.5686468343
50.0	35.7460927087	55.7883003916	59.6430584988	63.0638925421	64.3446010013
55.0	35.427135252	55.3115807935	59.1545500096	64.5942351892	65.7458574771
60.0	36.1629989156	54.4279583839	60.5262484921	56.4076509638	64.7418760921
65.0	34.6704191293	57.7912258468	60.1450198557	61.801123492	64.1675955291
70.0	35.3307779293	58.5760526882	60.6048077762	59.7317807505	61.8551984369
75.0	34.4723627089	57.3790006186	59.7440828809	62.522393952	65.2645906908
80.0	34.2913871328	58.0066949951	61.244359617	59.3527891726	63.96560975
85.0	34.03336194	57.9189187277	58.9664285097	61.4826669405	66.4065329594
90.0	34.1136296186	58.361666506	60.5602236275	52.6917883385	65.2479337478
95.0	35.0658564805	56.2561669378	60.9768417111	55.0048815263	64.8427225294
100.0	34.4298830686	59.2154683814	60.0633104572	51.7503102678	64.3029388873
105.0	35.1293840812	57.6079125546	59.7825329818	56.0314332126	64.3361421909
110.0	35.3537316909	58.2300235852	60.3569840705	51.207455248	63.230737671
115.0	35.4629594207	57.5731781425	60.5924000011	47.4778519728	63.830173914
120.0	35.7754621574	58.7171458083	60.0673802456	49.0542212635	62.3761446997
125.0	35.4308313316	58.8282263954	59.9776353646	47.6887037473	63.1716200253
130.0	35.0659136444	58.9879636289	60.1660052111	53.7074283664	62.9704272393
135.0	34.6468729464	60.1698248999	59.1532011983	48.7052008591	64.0383010034
140.0	34.4596094789	60.3607909652	59.9846473954	49.8747918642	63.356548179
145.0	33.7713544427	60.7291711849	60.4087256169	48.1240978148	64.1581437821
150.0	33.7681657139	61.3037346372	58.5085100579	51.6842330405	64.944092881
155.0	33.3115420526	61.7754058209	59.9639076707	48.4613295797	64.3980945629
160.0	33.7642527072	60.0237652625	60.2794974558	46.2090373086	65.1855288892
165.0	34.3717398515	61.3612097159	60.2760199404	48.3409705254	62.4229771483
170.0	34.4129611396	61.3673723109	60.4334658845	50.94388147	61.9324329937
175.0	33.6360693049	60.248741537	61.0137295942	49.9357742915	64.183459739
180.0	34.2250777181	59.9706178672	59.8021127936	49.9235992672	64.3752127789
185.0	33.2340269746	60.666400068	59.212482086	53.1295046707	65.8716566177
190.0	34.8847807224	58.8026345496	58.5704077533	55.9211448269	64.7325891995
195.0	34.2501919187	58.7028080407	58.3820993393	58.9198701403	65.971218786
