# Time(ps)	CHL1	POPC	POPI	POPI13	DOPC
0.0	35.7542164551	61.1018433352	56.8343666736	40.5443560039	63.7945915493
5.0	34.9567934704	60.4604033199	58.8635027954	42.0912134764	64.0500145997
10.0	35.1070800214	60.5329461921	58.9394346884	41.2245754551	63.6952595402
15.0	35.2629230836	61.2780599805	58.7266593062	40.1606914013	62.936238742
20.0	35.0291945608	61.6087366528	60.5725021503	42.3273370359	61.1951786094
25.0	34.2816574998	62.3802796799	60.6179310356	40.6222787329	62.048296568
30.0	34.6649196238	61.5478734199	61.3489048348	37.5300019516	61.7655728864
35.0	34.6976671284	63.0641622977	61.1199386225	42.9974303743	59.8430516569
40.0	33.9436287781	62.4556024054	62.2454099399	38.972297498	61.3493550716
45.0	34.6040764269	62.5409214793	60.0653157556	40.7010659156	61.732331216
50.0	34.9457019985	62.1240247476	60.7899856638	42.1534318838	60.6684283843
55.0	35.2477310772	62.325488088	59.8288805646	38.5108770257	61.0922407354
60.0	34.8113468705	61.7734442306	61.6475438318	40.7519259363	60.6561199272
65.0	34.4700823972	63.7207023212	59.5629920658	40.2914830886	61.3135597905
70.0	34.6056721095	62.0610069227	61.1869073204	43.5539677528	60.9142417568
75.0	35.1674998919	61.1887903003	62.1119775271	39.184048271	60.2673250536
80.0	35.0397211118	62.0587547168	63.9751628168	41.4197490705	57.7524278518
85.0	34.8825321351	62.6700055168	62.1000190826	42.8500017817	59.0001721451
90.0	34.7343154977	64.6498153661	60.2261745388	41.1854702898	59.1697125713
95.0	34.3598287168	62.4510235159	62.0148688737	39.8360731162	60.6426539315
100.0	34.685477474	63.6661995802	59.7994471252	42.4958200457	60.5039775878
105.0	35.1043768636	62.4188491876	60.2280808462	41.4546553578	60.6319204075
110.0	35.1326700814	62.9818342643	59.6415565665	42.5985425695	60.4258252992
115.0	34.5304867225	63.7967252358	60.2346184633	47.6455894143	59.7768470439
120.0	34.2431300996	62.2408739653	60.4438139104	45.0016186497	61.9834957545
125.0	35.3655771763	63.7475448971	59.7215206411	43.6686717367	59.0153271752
130.0	35.0636012684	65.2807014752	61.5133239705	42.9632741551	56.5440823159
135.0	34.4182098269	63.7885071533	61.4617462891	45.5202850648	59.1176552439
140.0	35.6879047951	64.4182609414	58.7627394202	43.7858049947	58.5511394817
145.0	35.1781738939	64.1790865252	60.6199239407	41.148111282	58.4020667197
150.0	35.5870076608	62.2402141329	60.5287156297	42.2377926342	59.4964456188
155.0	34.474371027	66.9444085073	58.1300444298	37.544014149	59.6457582248
160.0	35.3423001776	64.4080471958	59.1553018862	40.8242504257	59.1953828452
165.0	35.023481945	64.4739946106	58.8937800517	42.3675989757	59.8480814257
170.0	35.2177669801	63.7507565881	58.4600903413	42.5034466877	60.5594747991
175.0	34.6999284863	64.1959098754	59.7756818515	44.3559162477	59.7807965713
180.0	34.044363045	64.904227401	61.391685441	37.3214425274	59.6326096537
185.0	33.3118456416	63.3824801993	60.7229045151	39.0775205838	63.0457785502
190.0	34.4572096793	64.792848235	59.5309338036	37.3808056666	60.5871897682
195.0	33.6729996541	65.9991335625	60.9756137197	41.8627060489	59.2008361329
0.0	34.1163829702	64.3223117808	61.5723043988	40.9478947628	59.5453224794
5.0	33.420169667	65.1352598749	60.5243225419	39.4845609621	61.2142938737
10.0	33.5562078619	66.3270697787	60.287108516	37.7586152036	60.136549594
15.0	33.634195866	66.1457562204	61.6034002353	40.1802909705	58.7349713892
20.0	34.4535278843	66.1399085279	60.038614766	36.9821677937	58.8303174685
25.0	34.7424035936	65.9532859337	60.920648865	38.4864763977	57.4948638509
30.0	34.6025991863	65.1971534334	61.5878790124	42.3233147678	57.5463895329
35.0	34.1697303272	64.9975405738	60.4374158083	37.6704070131	60.1125110744
40.0	34.0622201232	66.8389580947	59.6187421316	40.0001975587	58.9898343806
45.0	33.8621542789	65.414205837	60.7754286933	39.1698598684	59.8568978508
50.0	33.0169795997	65.854483786	61.4988685691	38.9819850335	60.4745625058
55.0	33.8794197483	64.2565626187	60.7561971468	37.8335055948	61.1309147267
60.0	33.7241967367	62.2653087011	61.4430963952	36.9387348801	62.9039113868
65.0	33.9410598329	62.562589171	61.9218430746	41.2259297519	61.3133064227
70.0	34.3903318316	62.0731708638	62.9983860708	38.631293089	60.1947271714
75.0	34.0935422994	62.350585134	62.4967395443	40.0287595921	60.8225954041
80.0	34.2133382466	61.7155294214	63.8142949118	37.7356714408	60.2615795705
85.0	34.3509627414	63.3830156067	62.4478522734	40.2311177222	59.2990058878
90.0	34.4789228942	61.6498827119	62.8958747708	39.6953069993	60.4266965821
95.0	34.3686222535	63.9046730241	60.8802939664	37.1790723663	60.4581871717
100.0	34.626551222	64.0961909441	61.6056505272	40.7971942713	58.7361055446
105.0	34.3906692064	65.0262857647	62.1543380335	39.2650975639	57.9372169742
110.0	33.9041209171	65.4025040019	62.2496837399	38.1619251022	58.5585981398
115.0	34.7756923399	65.7563217452	60.7589063272	35.8843452648	58.0309673464
120.0	34.4115758787	65.2771436952	60.6191300769	38.2231394495	59.1303655177
125.0	34.5489491375	64.4056429981	61.1112333556	38.3540796606	59.2712479635
130.0	33.4811309447	67.4424190812	61.9193749529	36.4950319521	57.8285941238
135.0	33.9043093038	66.179240285	61.2086046611	40.4035484397	58.494309447
140.0	33.3220114447	66.5833027867	61.5487236753	42.9318931948	58.6959618309
145.0	34.1124680251	65.2613738375	60.8943264428	42.6603182984	59.0530670468
150.0	33.9401502691	66.0394532273	61.7166934336	39.4107964082	58.2043878669
155.0	34.7302472611	66.7977411011	60.8940855686	39.876729338	56.5596234209
160.0	34.7218719527	67.0342519063	59.7301930246	40.8391024184	57.2911798575
165.0	34.3365638997	65.640840431	61.766701408	43.6361750054	57.3426324595
170.0	33.9107748189	67.2867158357	62.3977210087	41.4566462755	56.1983695923
175.0	34.3725823699	66.2907318901	61.7062352052	43.435084726	56.6952443427
180.0	34.3229886657	67.001263526	60.2793254683	44.0906972816	57.3026826566
185.0	34.6383924673	65.778280914	59.4938225879	45.4684423968	58.4639211798
190.0	33.8616241672	66.5767091811	60.307314234	46.8221391043	58.3514759071
195.0	35.1243583128	64.8442488127	60.4903247543	44.3762442956	57.6383816288
0.0	34.4046762253	65.5432717956	61.790492056	44.6464259422	57.1815651606
5.0	34.6987884515	65.1412174652	61.9232590375	42.074882613	57.1329524298
10.0	34.9331312443	64.7058023921	60.3812663545	46.692655512	58.0258375305
15.0	34.9387767345	66.0673991573	60.4475591294	42.8923210466	56.9732730421
20.0	34.3794532358	64.9930917211	61.127712569	47.8662309511	58.0567195606
25.0	35.1343416646	64.9971661482	60.8495260874	42.3747407513	57.3423367522
30.0	33.9481949482	65.3755533296	61.9694743919	45.9376127108	57.9719505077
35.0	35.0268979059	65.181401215	60.0887099827	42.1593577001	58.0792691958
40.0	35.487556591	63.1986864968	61.128932958	47.4245365942	57.6779899689
45.0	34.9632190847	66.6745349968	60.5663098688	46.8372059642	55.8159307411
50.0	34.8718005723	66.0871204988	59.3179017912	48.1987802707	57.573528124
55.0	35.3695138399	65.0080152767	60.5684559237	53.4312288928	56.0084026649
60.0	34.7940342095	64.9751335336	61.7890771838	48.4239641786	56.594485149
65.0	34.9772325936	64.7142134886	60.3399100849	46.193430985	58.0162916271
70.0	34.4098987538	65.9326804282	59.5444210219	42.696540072	58.9981139927
75.0	34.7421989672	64.7708473373	61.0029442631	41.991455998	58.253212865
80.0	35.0877724311	65.8176413494	58.1306940846	48.5091746891	58.4484825621
85.0	35.1936027385	64.388541168	61.1930230986	43.8767016498	57.3731021797
90.0	35.0988111656	65.3812207728	60.4928341978	43.241038681	57.2636911584
95.0	34.7916542401	63.6486856572	60.4099015182	47.6448057307	59.2448905018
100.0	34.5187439905	64.2678933954	60.7444690687	41.5972943385	59.4750887534
105.0	34.3238355647	64.4979960348	59.877611685	44.1884430551	60.155861433
110.0	35.2238686586	64.0609287321	59.1688470567	51.3504417362	58.7145776104
115.0	34.6727154582	64.7821289414	59.4194249241	49.2529611579	59.0798684126
120.0	35.0584163868	65.0574583124	58.2641116633	46.9614291305	59.3021014349
125.0	34.6787190581	64.9995939017	59.7517620499	49.5433215528	58.522228042
130.0	34.6640821426	65.7343817503	58.7925145798	49.5164819948	58.6827626361
135.0	34.626036439	65.3469080596	59.314596925	48.1018843743	58.8180031541
140.0	34.1307679244	65.3221402753	60.5822702381	50.037415243	58.4986975302
145.0	34.3793035853	65.1358198966	58.6657146618	48.0477638032	60.1118161175
150.0	34.0164932543	65.1071265993	59.9874024162	48.6489188766	59.6165496995
155.0	34.0294291036	65.2528119006	59.3042487847	49.7961923373	59.94517223
160.0	33.8010874802	66.4590956484	58.9189798487	53.0042860789	59.2214337072
165.0	33.6747723738	67.0011955358	58.537668482	50.8659361803	59.4890218057
170.0	34.0273940707	66.5780250119	58.4335004746	43.2355738536	60.0637251599
175.0	33.8324762734	65.9725522754	59.1484314888	45.6839543775	60.1707681383
180.0	34.3209043504	65.1031076675	59.986239462	46.6946980527	59.2082590318
185.0	33.3252490744	65.0631447303	59.9380479966	45.8539340152	61.3669266616
190.0	33.4656749578	64.511431122	60.7100981489	47.2564535939	60.8027518511
195.0	33.5365760704	63.0291198072	61.8447882726	48.2198940414	61.0257000953
0.0	33.509609738	64.200657463	60.5573632119	49.0731763268	60.9814141396
5.0	33.5199103179	64.774759031	60.8549253223	49.8295634191	60.0432424334
10.0	33.675267788	65.3947629611	60.5236635061	48.4663081379	59.5470061625
15.0	33.3612605361	66.0972626155	60.4234669121	46.3686282137	59.7724588877
20.0	33.1670212197	67.5049764733	60.262155799	48.3897819316	58.696306569
25.0	33.2937910814	66.2480719134	61.3230775555	48.1842757034	58.7653813184
30.0	32.3110187853	66.8248940044	59.439879538	51.6291141364	61.5045949893
35.0	32.7691598075	65.2211926971	60.782315445	51.7726623293	60.9694234111
40.0	33.2621150203	64.917311638	60.6016972211	51.9066986639	60.4365997993
45.0	33.5867736084	63.8105881883	59.8335889122	53.2915474656	61.4466934395
50.0	33.2192246568	64.2980157676	60.0243216835	52.9044299263	61.5615397064
55.0	34.2961585984	62.8070236671	58.9994973758	55.7265088767	61.5387448242
60.0	34.4603377593	63.3523629033	60.3217836616	53.5177007829	59.6958518545
65.0	33.7638940893	63.2123830979	62.148286255	52.9792222305	59.6386456228
70.0	33.4271327945	65.6389942092	58.9658669804	49.7170614919	61.076002862
75.0	34.0645863434	65.8962351713	58.6446645727	47.3474593443	60.069803206
80.0	33.5231012942	65.5570919182	60.3205808376	52.7766835852	59.4407271199
85.0	33.4186352369	64.6254120068	58.9716762971	49.5988589281	62.1131913249
90.0	32.6237266858	66.7995000984	59.7162248024	48.8652569184	60.9321552676
95.0	33.3430875169	65.4037322988	59.2736654705	52.7950755738	60.8945070491
100.0	32.7869728988	66.3391756296	60.3746658271	48.9104544152	60.4688119041
105.0	32.5869375328	66.6365303702	59.6603416254	50.1577763717	61.0897452527
110.0	32.3741024647	67.4585967514	60.1624747821	51.1548452099	60.141774413
115.0	32.5997752405	66.5600595961	60.4044206413	51.8895266979	60.2977155226
120.0	33.3615853812	67.3426575301	59.1904260111	49.9194694684	59.2810755666
125.0	32.8529535901	67.2753951849	59.6268193368	52.9418860734	59.6705877713
130.0	33.0966026478	67.122128033	60.3706657704	53.1017869191	58.6511072538
135.0	33.3634277888	67.5571758853	60.1242750626	48.6823367863	58.3461619317
140.0	33.3401278122	66.8438840575	59.6173220311	47.4729354037	59.6832526245
145.0	33.6731800086	67.7827536241	57.9719930704	46.7551047847	59.6307334904
150.0	32.9735913196	67.4921436879	59.793996452	45.4062941893	59.8156621104
155.0	33.2664029021	67.618238418	58.5270277801	41.2591628722	60.6588849475
160.0	33.0194376994	67.2389842491	59.5926765355	40.9681865117	60.6021360375
165.0	33.9372242236	68.1302412322	58.2209248164	39.5441835155	59.2523913344
170.0	33.4593869638	67.6296091809	58.9228600593	39.6904202597	60.0622116743
175.0	33.2867782359	67.7061280181	58.7280177077	40.1070456491	60.4645494074
180.0	34.0355978285	66.7627596207	58.6247247481	44.2299438799	59.5910725678
185.0	34.1740586284	66.8846036338	58.5390884164	41.6012330545	59.5322748362
190.0	33.4197018622	66.5743870218	58.8861588474	42.8514332226	60.9137994514
195.0	33.8789623675	66.6757744727	59.0711483494	41.0110644412	59.9113039841
0.0	33.6722019791	65.3525543269	60.3359746674	46.7698031118	59.9339318446
5.0	33.8178272832	66.2806872948	59.6825932021	40.8962161667	59.8898724323
10.0	34.6623344539	66.8346911601	56.1290923056	41.0012043763	60.8346299412
15.0	34.6528838116	65.9131916772	58.9349224131	42.693273095	59.080648602
20.0	33.6342831207	66.9459015096	59.0026755054	42.559153483	60.0374895695
25.0	34.0010282704	66.2191755754	58.3997726541	44.3756287039	60.3916581077
30.0	34.4122573956	65.873096806	59.4590859533	44.3140280161	58.9680323875
35.0	33.7214190717	65.5223804083	61.5051705742	42.751412472	59.01516741
40.0	33.3440641508	67.2431918835	60.8531989238	42.1090388025	58.7001260137
45.0	33.6327869546	65.8961522572	59.6243513362	43.05469636	60.4811582864
50.0	33.4306478372	65.4087079056	61.715736802	41.7961932442	59.6164972045
55.0	33.4419574065	64.5372241399	62.4313569952	48.6635193019	59.1345011579
60.0	33.8465085761	64.7242687367	60.840439552	43.9977836189	60.0366993646
65.0	33.2727302344	64.7843815322	60.7844192364	45.3581398412	61.0385963
70.0	33.5458939221	62.9992313356	61.8528782668	46.5005603136	61.2016041926
75.0	33.7150785481	64.3296994151	61.008467017	46.4852754153	60.2942625682
80.0	34.2509633587	64.282477411	60.3392346463	49.2632427178	59.5941766101
85.0	34.7794900333	63.3508128032	59.0766308729	44.229251111	61.1086245816
90.0	34.783846979	63.6070754849	58.6324587509	44.9237344846	61.1739212354
95.0	34.5848680399	63.5250687568	59.7869366567	45.5133220969	60.5558846575
100.0	34.9635606897	64.6266769491	58.0699088557	42.3856702976	60.5549860245
105.0	35.5850461542	63.3437568944	57.7167833537	44.5838709967	60.6929768018
110.0	35.9434606694	61.6026625379	57.9736122003	46.4379680673	61.3006736177
115.0	34.537363278	62.0968265812	60.7320724227	44.4002484453	61.3398161216
120.0	35.5118761511	62.0365279844	60.5229430888	42.9242523346	59.7869423604
125.0	35.4445450105	60.6326985047	59.1201228138	45.4155793631	62.338810652
130.0	35.7755463637	62.1313158467	57.3019441552	45.5179293361	61.8042740113
135.0	35.8827292395	62.5241685569	57.9269976433	42.5461795566	60.9315998518
140.0	35.489047102	62.7626597046	58.5561883798	44.9822340441	60.6707864259
145.0	34.7822292434	63.2540579485	58.2311996805	49.6461951929	61.4189395723
150.0	34.4796947483	64.1658735368	58.2726249868	46.4831790112	61.3912907407
155.0	33.9761779007	66.4923476083	57.5633671533	44.8085725873	60.8776762559
160.0	34.6303003995	63.9210789123	57.5219949415	45.1083688441	62.1479020889
165.0	35.2714578099	63.2470463491	57.924755262	42.4624116971	61.4416801904
170.0	34.1980212361	63.7864631482	59.0164705028	44.668942647	61.8460144804
175.0	34.8489336435	64.4374309021	58.1900343765	42.2715760108	60.8768055131
180.0	34.0808512002	65.4564697745	59.0313159471	43.8063098747	60.4832654823
185.0	34.078112102	64.7790757472	59.5649319042	46.1755606627	60.448911708
190.0	34.0993180703	65.8896325597	59.3699096353	40.4488287044	60.0440952486
195.0	33.719000159	64.8149251592	59.1669671054	44.2518236529	61.6819235494
0.0	33.8647302776	64.0072766001	60.0508227659	42.3370971913	61.5940135134
5.0	34.8408116277	64.2195269883	58.0820072215	44.2984816212	61.0054968599
10.0	34.9475857609	64.8307208907	58.3184881072	43.0425450721	60.0935962447
15.0	35.755620888	63.221348041	58.3468698378	46.1529639657	59.7502432302
20.0	34.4686909606	64.4370783403	58.8487990017	48.5131444655	60.4205764016
25.0	34.9789052574	63.0501218317	58.6236478444	45.0922845289	61.3317296792
30.0	34.484346608	65.6042366816	59.1484550651	45.1279892347	59.2909186343
35.0	34.689368103	62.6138859135	59.5552912228	46.5331393924	61.364566878
40.0	34.2854234035	62.5503165525	59.1610896731	44.1654870064	62.8275600699
45.0	35.0705589712	63.636307673	56.6865168476	47.1144676295	62.1034280411
50.0	35.5513594254	63.067413889	58.3569998321	45.076663201	60.4110979925
55.0	34.6948319322	61.8783834987	61.0229027261	45.95297979	60.8262495871
60.0	35.4755189342	60.9719309682	59.4021255993	44.3776987751	61.7875214917
65.0	35.5904628386	62.4680443626	58.1936169396	42.8323230955	61.3038316686
70.0	34.7174457511	62.4989001883	58.1291455103	38.0824068227	63.5520157915
75.0	35.076722652	61.7845920756	59.0951260693	37.3901055911	62.7476757335
80.0	35.1451088076	62.9781162175	56.755955902	42.111119184	63.0504415175
85.0	35.5646011245	61.9126262001	56.4855715605	43.0449569887	63.4269088049
90.0	34.2154287439	62.4141438185	58.6937868003	42.1829084528	63.722608477
95.0	34.212407876	63.0619635284	58.3363210938	44.0668902588	63.2141193414
100.0	35.392998531	61.8573840314	57.0354989762	41.6588908868	63.4690032581
105.0	35.5711813772	60.9188713589	56.7474581552	43.3489227487	64.1414566671
110.0	35.1510397048	61.2047576041	58.8097340584	43.7402371758	62.8005996386
115.0	35.3170447747	59.7024805913	60.2419618175	43.6068598078	62.6952846208
120.0	34.9319692738	61.0067331589	60.1641617516	48.4458248005	61.7472189935
125.0	34.9026881003	61.635498828	58.8304310778	45.8896546259	62.6330364154
130.0	34.3111952123	61.4715831181	59.3329022508	53.5990965721	62.7568000263
135.0	33.4331394789	61.5503304372	60.1966619616	49.1835139017	64.098231963
140.0	33.1491250625	61.8865087832	60.4078074181	48.2574267285	64.2327155054
145.0	34.2865080896	60.346244578	60.6746128875	44.8251559858	63.6012812442
150.0	33.6634144633	60.0604958298	60.2262999476	48.2595482148	65.1933512955
155.0	34.2472900249	60.7254265319	60.2532263364	49.1415929716	63.2482271853
160.0	34.0669542368	60.0835780306	62.0205014699	46.0124177639	62.9730766486
165.0	34.8564758863	59.4444256977	61.2044304778	48.2643923916	62.5424609964
170.0	34.7170395185	59.9505819312	61.4252487764	45.2354056886	62.4193360583
175.0	35.3775893483	59.4305930622	60.908773637	44.9631665222	62.1102356623
180.0	34.6949719215	58.6986984745	62.3631302542	47.6696013408	62.6277961687
185.0	35.2386099798	61.0169836069	59.603847384	43.0131924672	62.1712268504
190.0	34.5701989408	60.8702605418	60.9942280973	40.7765345972	62.6271038769
195.0	34.1756034078	60.9824409339	62.4642417887	43.0741359692	61.7513954185
0.0	34.2843551985	59.8824634716	61.955539796	42.0513966525	63.193895361
5.0	33.1212974784	61.6129031683	62.45332594	41.2542019278	63.4213265227
10.0	33.8646267991	61.6493789519	63.185773035	40.5126475569	61.3131660304
15.0	34.3578173436	61.7748158608	60.9486834819	45.0790183548	61.7581183319
20.0	34.6225173269	61.2513540274	60.1822914306	45.0398221782	62.4458480207
25.0	33.6708175618	61.7966194088	62.2112062549	41.6515851898	62.3167464146
30.0	35.6203254064	59.3317727908	60.2357679641	47.5446591985	62.071131385
35.0	34.6569891547	59.9347993124	61.7058107861	52.0878229857	61.6174912553
40.0	33.8473479228	60.5064176958	61.970506278	47.8444545706	62.8512171416
45.0	33.8136803987	61.0525550405	63.2387324327	43.962995795	61.6191729307
50.0	34.3809895246	59.6374592043	61.3808367814	46.0242219759	63.365661202
55.0	34.8050151822	59.9547477682	61.9294870161	46.587526454	61.650191177
60.0	34.0582195679	59.314479805	61.9016058909	44.9209588016	63.9758278681
65.0	33.7020997905	60.699022661	62.4868358747	46.4741577727	62.6214578017
70.0	33.6891504257	62.0010962498	62.1139260462	47.0193744365	61.6263118515
75.0	33.7076254833	62.5502567094	60.8995277593	48.9537733963	61.9397139286
80.0	33.6458646041	62.5018417672	62.0456189517	48.3843604077	61.1371135039
85.0	34.1157769222	61.5710057589	61.573408161	43.9946118089	61.992203869
90.0	33.6461672457	62.4393513443	60.7262832949	50.1058608021	62.2142436679
95.0	33.8133511385	62.4009073928	60.8458101299	48.2983299234	61.9915664899
100.0	34.3439974649	62.2739794936	61.0224151589	46.683662785	61.05967158
105.0	35.1859766543	59.2293266361	61.5862087661	48.6083766798	61.7205685407
110.0	33.2412097748	62.3054008762	61.5602458977	50.7689925726	62.341284966
115.0	33.7555041161	60.8311710052	61.6850704675	50.6704109307	62.6844782115
120.0	34.2646920424	60.9262534345	62.3797737684	46.6015767663	61.3526362657
125.0	34.7489096088	59.3645769525	62.6782611742	45.3106340295	61.8063283601
130.0	34.3317154962	59.8147362315	63.2994876883	48.4188781142	61.3206736491
135.0	32.8772001301	62.0362306842	62.1429472263	43.1123839668	63.5797597219
140.0	34.4532560602	61.8364955797	60.4450192244	45.2696722425	61.9397967693
145.0	34.3154526416	61.606563221	61.3114898474	42.2188927842	61.9705485919
150.0	34.3891080864	59.6601178144	61.8510988944	47.9384793711	62.7121207047
155.0	34.1489540965	60.30276891	61.8333203216	47.9188734139	62.56769506
160.0	33.867722325	59.5324809412	63.1950029815	55.3651540761	61.9303282631
165.0	34.0398936739	60.4094074976	63.0547156481	45.4767243896	61.8241826147
170.0	33.8642269024	60.7925720933	61.4592220534	49.5282091267	62.8231605216
175.0	34.2827180351	63.0927617135	59.7381819577	44.9964783034	61.6880321547
180.0	33.5031916306	60.9731609462	60.3274129299	47.8920771218	64.546886079
185.0	34.7536447145	60.3264571309	59.7149471891	42.9210294214	63.7410299006
190.0	34.0782112041	61.8684606966	61.527122489	40.8739814102	62.1235790174
195.0	34.5668055482	60.6803402287	60.2814663696	40.2390819081	63.5191059826
0.0	34.0542948733	62.833239919	60.5452884755	43.1238161335	61.8652355947
5.0	34.0141956148	62.4904224893	59.0469057339	39.8530063896	63.9639366201
10.0	34.3622807502	61.4655414146	59.4024780283	40.4236363464	63.9155035467
15.0	34.7853956157	61.4734292043	59.3512714714	41.212751385	63.0285615775
20.0	33.9095555327	62.827645272	59.6135775009	38.3203589476	63.4791376495
25.0	34.173312644	61.988593223	60.3019923033	43.2567822807	62.6774664615
30.0	33.7371355403	61.9433554054	60.6479864239	42.585163964	63.3509194365
35.0	34.0077651564	61.2526744268	60.7146540833	41.8618876662	63.512742421
40.0	33.7149877289	61.8872197793	60.6388105603	41.0253877298	63.61553464
45.0	33.9070345842	62.8938288786	60.951521848	39.6079486952	62.0851974249
50.0	34.2794718611	62.0941373533	61.7605685209	40.4260606188	61.3300575256
55.0	34.1109816095	63.5122689794	61.2633365004	45.9803206971	60.1409552531
60.0	33.8222507003	62.8425182898	62.1445310972	44.5028282966	60.7429340321
65.0	34.3741321086	62.3135613052	62.0849539411	49.0090123709	59.7710557205
70.0	34.1287041374	62.3601947491	62.5233104506	43.869542649	60.3347824483
75.0	33.4506294001	64.2178125359	60.7357527798	48.5731102586	60.9716392072
80.0	33.3084681121	63.5027523533	60.2955327248	53.0943480369	61.9151730087
85.0	33.2956426505	64.5060336471	62.3522470391	52.5770800834	59.1381754052
90.0	33.4069638199	64.0356733097	61.9337792592	53.3841818932	59.6818642653
95.0	33.0569799403	63.255580921	62.8010431691	45.1480048404	61.2049539286
100.0	33.5032149438	61.7489930837	62.4409896638	50.5382789845	61.604134172
105.0	33.3087344793	62.8134049596	63.335556035	48.1893308016	60.3584833165
110.0	33.2491759494	62.0601218552	63.1321165262	50.0015617529	61.232613265
115.0	32.741471474	62.2349944396	63.4791189448	50.5044918998	61.7106716371
120.0	32.7577676221	60.6499858583	63.9152642369	49.2308002709	62.9977802686
125.0	32.7427587285	63.0729383256	62.6978359024	53.2398102224	61.2998347136
130.0	32.973264142	62.4591425441	64.1214888791	50.1372233498	60.481575868
135.0	33.0190447328	63.2220668478	64.7429562966	51.0716211841	58.9742382961
140.0	32.3127189692	63.1813224442	63.446682146	50.1537398678	61.6861029028
145.0	31.8771313958	64.8549242881	62.6449637653	48.0628497005	61.8143017991
150.0	31.8007632727	64.6958165146	62.5461309881	52.4292064791	61.7785905574
155.0	32.5671222182	63.5687944513	63.1711075647	49.703930682	61.0829301316
160.0	33.0440478136	63.7628672952	62.4305530574	48.283247768	60.7433467596
165.0	32.7524896265	64.9008835307	61.9288341445	48.3001692496	60.6383963851
170.0	32.5507629832	63.3912813639	62.6623232238	50.8807713134	61.633298361
175.0	33.3817289569	64.3714018469	59.5103002299	49.0179452402	62.0143095149
180.0	32.6375858216	63.6404823553	61.5641134599	50.5463507923	62.2322529603
185.0	33.0981870942	64.2654805485	60.5455099969	48.963104409	61.7611448453
190.0	32.830172597	64.9679312853	60.4034496948	46.0701176196	62.0118370574
195.0	32.9252455872	64.3847467641	60.1136056435	45.9829217848	62.6745177433
0.0	32.7090600159	64.2908182322	61.3992035531	51.9978901798	61.4422556898
5.0	32.6204180887	64.8528533544	61.0395762196	46.9202227505	61.888894563
10.0	32.9539644125	63.9612726089	59.4989366845	46.2455706036	63.5675082575
15.0	31.5283048758	63.5621094253	61.9788303715	48.7496701092	64.3355684789
20.0	33.0523882394	63.8160971046	59.5430418952	45.8179231275	63.5188059836
25.0	32.071282373	63.4825295928	61.467636242	47.4718257414	63.9171454402
30.0	32.9987067919	61.3602168529	61.7341223399	48.3943599482	63.8525001438
35.0	32.9596122115	63.1659938847	61.7198406525	48.7843795175	62.0987340614
40.0	31.5730836861	64.2774380802	61.8099111831	48.2209755031	63.7356982666
45.0	32.2400664435	63.5455973016	62.5004374244	46.2979871963	62.7044501227
50.0	32.4571404427	62.7579930726	63.1353781932	45.266095771	62.5895551002
55.0	32.3037716899	63.7086896147	62.3734664742	48.4583211631	62.3121013663
60.0	33.274622298	63.0333716594	60.2860071397	47.155213997	63.0546770739
65.0	32.707690187	63.4454920014	62.4993686547	48.1999380369	61.6799084387
70.0	32.9043803315	61.3371734903	63.5478083163	50.0537326375	62.2659225154
75.0	32.9833569323	62.1664030439	62.6961288771	53.5495375513	61.6956963753
80.0	32.5251006474	63.7306737513	61.7903303449	66.3728701122	60.5807773504
85.0	32.3215445829	64.2089670933	63.4601088693	53.8145374039	60.2626883588
90.0	31.9370733781	63.7583993314	62.6685116403	53.5765983656	62.2183655506
95.0	32.0658845424	63.2714467575	60.8831689684	58.9434457953	63.51794001
100.0	33.3819155681	62.8513254697	61.4408883962	50.992911874	61.5989770999
105.0	32.997708601	62.4375554997	62.0402573972	53.2543597011	62.0156418577
110.0	33.3778182843	61.6287388823	62.4578741339	52.5638302914	61.7574459602
115.0	32.4303441969	63.6183120814	61.8300990814	47.6210247797	62.7219572995
120.0	32.8587280667	62.4784729926	61.6992724732	52.1240851676	62.6726570178
125.0	32.3477139252	61.3265824296	63.8934904388	49.6547613289	63.1185379035
130.0	32.6516991667	62.6325241727	60.5190156376	57.746839529	63.4326227001
135.0	33.1419721374	62.2377108465	61.4325576752	52.4082554394	62.5584276506
140.0	32.1528638331	63.612386147	61.9448829683	49.4950331657	62.9921751523
145.0	32.3404771583	63.0037641824	62.7419291738	50.6306321714	62.3948234253
150.0	32.3969922419	64.0252139507	61.6387389346	51.5652555249	62.1596654435
155.0	32.279142629	64.1613784062	61.5326443251	48.8184608687	62.6293029115
160.0	33.0520877925	63.5660566352	61.0653429696	47.7270595527	62.2085420795
165.0	33.2991772157	62.4560042947	59.4780071731	51.3827275684	63.8875440044
170.0	32.9480480759	62.861940106	60.1397087203	49.6606111597	63.7603078106
175.0	32.5682210929	63.506293701	61.5967733935	46.5169226755	62.8787356595
180.0	32.3515456956	62.5703734207	62.5920745851	50.0979740519	62.9940816009
185.0	31.8139757761	64.6632339415	61.3836372852	51.8086895602	62.8929246021
190.0	31.9253156516	64.3837430739	62.2064060472	52.7769667975	62.1123292752
195.0	32.1475503818	63.5445250594	61.7179267803	47.3792495373	63.4865371052
0.0	31.6219589727	62.9841303931	62.0827881543	58.6539714551	63.6423303474
5.0	31.6954002266	63.4136471559	61.3771798511	50.68085873	64.4982240324
10.0	31.1368531205	65.7916129572	61.5897808058	49.4771471444	63.1664625201
15.0	31.3943005412	65.8853154859	62.0525133191	47.625292421	62.3265779844
20.0	31.3349331518	66.0496114163	61.3952691206	48.1944783457	62.8156230908
25.0	31.1201559234	67.4235976117	62.1960476647	43.6829139686	61.6015615288
30.0	31.0687546129	66.470016902	62.6858006988	43.4278757616	62.2427396429
35.0	31.5777631688	65.2191889956	62.6140761525	50.2916513371	61.8536707366
40.0	30.9879531274	66.6366517208	63.0416611128	41.1054790223	62.1496389966
45.0	31.7902513096	65.4011022012	61.735907999	47.9638483432	62.2700276149
50.0	31.8718385684	65.2664884954	62.5938123075	43.7522674226	61.8903955376
55.0	31.5781782717	66.2613392506	61.4677434006	46.8834463249	62.1832619661
60.0	31.5915243164	65.1281040177	63.7883964552	41.3360789285	61.7560609066
65.0	31.3356737059	65.2981698341	63.9523631503	41.8479491055	61.8988014008
70.0	31.9387032693	64.8284670031	63.7332879134	47.5325304973	60.7911907539
75.0	31.6605463124	65.1606757408	64.5664936081	43.9971947185	60.6188834942
80.0	31.6629424503	65.2119938124	64.4538733199	40.6983944116	60.994043319
85.0	32.2181643498	64.0884525391	64.3758852706	40.7826301	61.0688770375
90.0	32.8366746046	64.2267776926	63.0353511448	40.1362959653	60.9646249029
95.0	31.8136650269	65.7562980665	62.5995563065	40.8296959473	61.8040096307
100.0	31.9890400145	65.1987271341	63.2907742781	40.2339532549	61.4483313235
105.0	31.7915709984	66.1103858526	63.6244767075	44.3761176943	60.2170595601
110.0	30.8861377268	66.8856775704	63.2695457668	48.1886750116	61.190832955
115.0	32.0945153645	65.6390262299	64.0577596105	44.0812046047	59.722070364
120.0	31.9876540441	65.9548207629	63.6501533677	42.9304263457	60.1019388583
125.0	32.2900360943	65.4238232401	63.0970856584	41.6983679076	60.6491344417
130.0	32.3028102719	64.7929201037	63.1021835133	43.3011597108	61.0895823321
135.0	32.1281558909	64.1694052564	62.477318449	46.5929338309	62.2956828535
140.0	31.9197539568	64.846358923	62.1638020437	43.3011638864	62.646936881
145.0	33.0726125315	63.0318102198	63.7865261727	39.5044235389	61.0748891538
150.0	32.2847921509	62.0079872651	64.8925522994	46.0012907803	62.0292605052
155.0	32.1861965943	61.4745594235	66.5518193185	39.5762196737	61.9090276093
160.0	32.9246048882	62.5706220791	65.2541824471	39.94210478	60.4674917703
165.0	32.6169082448	60.2015511646	65.6746967539	46.6242880963	62.4052629342
170.0	33.0026975868	61.5771315809	64.1133711414	45.953347983	61.7303239476
175.0	32.8436391614	61.6258074679	64.7781148097	41.2123910315	61.8755972042
180.0	33.4183715398	62.2291875356	61.6079816735	44.0428016682	62.6929401633
185.0	33.505477987	62.4006362925	63.5275558758	41.0286185517	60.9209876197
190.0	32.5465716506	63.6149942185	64.8342069668	43.8601442651	60.1653721081
195.0	32.7797352889	62.6366765727	64.2830611954	44.1058390869	61.14877539
0.0	31.7600356807	64.1145642117	65.359016402	44.7929650471	60.6730741894
5.0	33.0311737804	62.727304087	65.0297176015	39.8145621853	60.3124156746
10.0	32.9175934125	61.9588018089	63.6391036434	42.138818189	62.327129171
15.0	32.4603768466	63.2076822716	63.7166114208	42.6904542602	61.8678138616
20.0	33.7220067466	62.1240440766	62.8498010599	44.0995789305	61.0674020814
25.0	33.7962131141	61.9791381557	62.7958704228	43.40083863	61.1823208294
30.0	33.8121954293	62.4721056423	63.9292430529	44.5098682926	59.5264277106
35.0	33.0007480004	63.7460251168	63.9371670007	41.4614155219	60.1731716948
40.0	33.4558422074	61.785526351	64.3709166716	43.3081283549	60.6484218741
45.0	31.6439273518	63.8185221843	65.6590174712	41.6350304876	61.2472538578
50.0	31.7229023627	65.4028990556	64.2666576111	45.5461875383	60.3669816593
55.0	31.255982799	66.5449421278	63.7882184314	44.1353554549	60.7303761332
60.0	32.3218266641	65.684422273	61.7268737562	43.9641264284	61.331496886
65.0	32.4542762778	65.7979626867	62.7919599263	42.9405203463	60.0968639944
70.0	32.1552582664	64.6407939004	62.9428055017	42.5900149869	61.7514407586
75.0	31.4777081751	66.6936261753	63.8677787931	41.7557722719	60.3045818298
80.0	31.703602084	66.4304164369	63.3641143266	41.7710310829	60.5678066651
85.0	32.1182518373	66.0175914009	63.1120458886	45.0517342768	60.0501671553
90.0	32.5167624151	64.9970178198	63.0342174877	45.5985551156	60.2889583178
95.0	32.1800750909	66.7606422655	63.2122667802	42.0688402184	59.3914378202
100.0	32.1118822627	65.1653792159	64.412162032	40.595396086	60.1906433585
105.0	31.1784041598	65.1304838933	64.1532792093	45.0874251683	61.8763239183
110.0	31.6947088107	63.3391660677	63.4825036952	43.5919998555	63.3881946341
115.0	31.9235329584	63.8282181488	63.5122188116	43.883421089	62.3856667023
120.0	32.2827259878	64.0766901432	62.8698815839	41.5830052187	62.2269792879
125.0	31.3517001422	64.6978150335	61.1613714501	46.3748822151	64.5261993292
130.0	31.584052621	64.8503119065	62.6864990553	46.7372298509	62.5002379579
135.0	31.292552062	64.8954714866	61.6623636544	44.269666785	64.2065677977
140.0	31.3629577523	64.7245641754	62.2678754314	42.1481781888	63.9038773273
145.0	31.7592192342	64.6568125952	63.6208318165	39.5326933981	62.2229457155
150.0	31.7495188557	64.5525902469	62.9056156049	39.4888609381	62.9946876164
155.0	31.7538461055	63.3264374925	65.145111654	41.4208842674	62.0034398812
160.0	31.9485933542	63.7586601134	63.9000516414	40.9722400813	62.3470903169
165.0	32.0751386288	63.5042706972	63.3893307096	40.1210466636	62.8932311792
170.0	30.9348337652	65.7821357278	64.1471704408	43.447581174	61.8812393338
175.0	31.1128665336	64.602385951	64.420045207	42.8950982851	62.5145237893
180.0	30.3302623353	64.2106093986	66.3318198774	43.2768157123	62.7127912269
185.0	31.2345705137	64.050013037	65.4143488153	47.2834353701	61.4898078135
190.0	30.3999585772	66.1044786864	64.8067638529	43.1927425363	62.060516985
195.0	30.6020340402	66.6827945767	63.3650283885	45.3827337467	62.1565941764
