# Degree	Number_of_Sterols
0.0	0.0
0.1	0.0
0.2	0.000170454545455
0.3	0.0
0.4	0.000170454545455
0.5	0.000227272727273
0.6	0.000113636363636
0.7	0.000568181818182
0.8	0.000340909090909
0.9	0.000568181818182
1.0	0.000511363636364
1.1	0.000738636363636
1.2	0.000568181818182
1.3	0.00119318181818
1.4	0.000738636363636
1.5	0.000738636363636
1.6	0.000795454545455
1.7	0.00102272727273
1.8	0.000681818181818
1.9	0.000852272727273
2.0	0.00107954545455
2.1	0.00102272727273
2.2	0.00113636363636
2.3	0.00113636363636
2.4	0.00113636363636
2.5	0.00147727272727
2.6	0.000909090909091
2.7	0.00130681818182
2.8	0.00147727272727
2.9	0.00176136363636
3.0	0.00147727272727
3.1	0.00119318181818
3.2	0.00102272727273
3.3	0.00198863636364
3.4	0.00181818181818
3.5	0.00170454545455
3.6	0.00170454545455
3.7	0.00204545454545
3.8	0.00221590909091
3.9	0.00193181818182
4.0	0.00198863636364
4.1	0.00210227272727
4.2	0.00198863636364
4.3	0.00227272727273
4.4	0.00221590909091
4.5	0.00244318181818
4.6	0.00227272727273
4.7	0.00210227272727
4.8	0.00181818181818
4.9	0.001875
5.0	0.00221590909091
5.1	0.00198863636364
5.2	0.00204545454545
5.3	0.00221590909091
5.4	0.00215909090909
5.5	0.00204545454545
5.6	0.003125
5.7	0.00244318181818
5.8	0.00284090909091
5.9	0.00255681818182
6.0	0.00301136363636
6.1	0.0025
6.2	0.00272727272727
6.3	0.003125
6.4	0.00306818181818
6.5	0.00329545454545
6.6	0.00318181818182
6.7	0.00255681818182
6.8	0.00352272727273
6.9	0.00295454545455
7.0	0.00352272727273
7.1	0.00340909090909
7.2	0.003125
7.3	0.00193181818182
7.4	0.00323863636364
7.5	0.00352272727273
7.6	0.00284090909091
7.7	0.00289772727273
7.8	0.00284090909091
7.9	0.00323863636364
8.0	0.00363636363636
8.1	0.00397727272727
8.2	0.00409090909091
8.3	0.00420454545455
8.4	0.00380681818182
8.5	0.00295454545455
8.6	0.00369318181818
8.7	0.00488636363636
8.8	0.00380681818182
8.9	0.00448863636364
9.0	0.00392045454545
9.1	0.00323863636364
9.2	0.00329545454545
9.3	0.00443181818182
9.4	0.00335227272727
9.5	0.00397727272727
9.6	0.00352272727273
9.7	0.00426136363636
9.8	0.00340909090909
9.9	0.00375
10.0	0.00329545454545
10.1	0.00386363636364
10.2	0.00352272727273
10.3	0.00335227272727
10.4	0.00403409090909
10.5	0.00380681818182
10.6	0.00375
10.7	0.00335227272727
10.8	0.00386363636364
10.9	0.00443181818182
11.0	0.00426136363636
11.1	0.00443181818182
11.2	0.00426136363636
11.3	0.00397727272727
11.4	0.00420454545455
11.5	0.00397727272727
11.6	0.00386363636364
11.7	0.00426136363636
11.8	0.00386363636364
11.9	0.00386363636364
12.0	0.00340909090909
12.1	0.00392045454545
12.2	0.00414772727273
12.3	0.00448863636364
12.4	0.00431818181818
12.5	0.004375
12.6	0.00340909090909
12.7	0.00369318181818
12.8	0.00505681818182
12.9	0.004375
13.0	0.00369318181818
13.1	0.00511363636364
13.2	0.00392045454545
13.3	0.00471590909091
13.4	0.00443181818182
13.5	0.00352272727273
13.6	0.00505681818182
13.7	0.005
13.8	0.00511363636364
13.9	0.00352272727273
14.0	0.00511363636364
14.1	0.00409090909091
14.2	0.00465909090909
14.3	0.00443181818182
14.4	0.00426136363636
14.5	0.00443181818182
14.6	0.004375
14.7	0.00426136363636
14.8	0.004375
14.9	0.00420454545455
15.0	0.00443181818182
15.1	0.00482954545455
15.2	0.00431818181818
15.3	0.00392045454545
15.4	0.00392045454545
15.5	0.00409090909091
15.6	0.00363636363636
15.7	0.00460227272727
15.8	0.00494318181818
15.9	0.00363636363636
16.0	0.00392045454545
16.1	0.004375
16.2	0.00448863636364
16.3	0.00517045454545
16.4	0.00386363636364
16.5	0.00477272727273
16.6	0.00352272727273
16.7	0.00375
16.8	0.00443181818182
16.9	0.00403409090909
17.0	0.00431818181818
17.1	0.00494318181818
17.2	0.00431818181818
17.3	0.00426136363636
17.4	0.00409090909091
17.5	0.00482954545455
17.6	0.00460227272727
17.7	0.00346590909091
17.8	0.00482954545455
17.9	0.00346590909091
18.0	0.00465909090909
18.1	0.00363636363636
18.2	0.00386363636364
18.3	0.00465909090909
18.4	0.00352272727273
18.5	0.00420454545455
18.6	0.00522727272727
18.7	0.00386363636364
18.8	0.00318181818182
18.9	0.00448863636364
19.0	0.00454545454545
19.1	0.00261363636364
19.2	0.00352272727273
19.3	0.00335227272727
19.4	0.00363636363636
19.5	0.00369318181818
19.6	0.00357954545455
19.7	0.00346590909091
19.8	0.00346590909091
19.9	0.00420454545455
20.0	0.00369318181818
20.1	0.00392045454545
20.2	0.00335227272727
20.3	0.00380681818182
20.4	0.00284090909091
20.5	0.00414772727273
20.6	0.00329545454545
20.7	0.00352272727273
20.8	0.00369318181818
20.9	0.00431818181818
21.0	0.00267045454545
21.1	0.00335227272727
21.2	0.00335227272727
21.3	0.00301136363636
21.4	0.00369318181818
21.5	0.00369318181818
21.6	0.00448863636364
21.7	0.00272727272727
21.8	0.00397727272727
21.9	0.00301136363636
22.0	0.00340909090909
22.1	0.00284090909091
22.2	0.00403409090909
22.3	0.00352272727273
22.4	0.00375
22.5	0.00295454545455
22.6	0.00318181818182
22.7	0.00301136363636
22.8	0.00306818181818
22.9	0.00272727272727
23.0	0.00289772727273
23.1	0.00357954545455
23.2	0.00363636363636
23.3	0.00352272727273
23.4	0.00289772727273
23.5	0.00289772727273
23.6	0.00340909090909
23.7	0.00318181818182
23.8	0.00340909090909
23.9	0.0025
24.0	0.00335227272727
24.1	0.00301136363636
24.2	0.00244318181818
24.3	0.00295454545455
24.4	0.00329545454545
24.5	0.00301136363636
24.6	0.003125
24.7	0.00301136363636
24.8	0.00221590909091
24.9	0.00301136363636
25.0	0.003125
25.1	0.00221590909091
25.2	0.00357954545455
25.3	0.00306818181818
25.4	0.00255681818182
25.5	0.00306818181818
25.6	0.00255681818182
25.7	0.00267045454545
25.8	0.00227272727273
25.9	0.00261363636364
26.0	0.0025
26.1	0.00255681818182
26.2	0.00193181818182
26.3	0.00232954545455
26.4	0.00244318181818
26.5	0.00176136363636
26.6	0.00210227272727
26.7	0.00267045454545
26.8	0.00215909090909
26.9	0.00244318181818
27.0	0.00221590909091
27.1	0.00232954545455
27.2	0.00181818181818
27.3	0.00255681818182
27.4	0.00227272727273
27.5	0.00159090909091
27.6	0.00159090909091
27.7	0.001875
27.8	0.00198863636364
27.9	0.00164772727273
28.0	0.00181818181818
28.1	0.00244318181818
28.2	0.00215909090909
28.3	0.00170454545455
28.4	0.00142045454545
28.5	0.00153409090909
28.6	0.001875
28.7	0.00153409090909
28.8	0.00210227272727
28.9	0.00221590909091
29.0	0.00164772727273
29.1	0.00193181818182
29.2	0.00181818181818
29.3	0.00164772727273
29.4	0.00159090909091
29.5	0.00170454545455
29.6	0.00210227272727
29.7	0.00130681818182
29.8	0.00164772727273
29.9	0.00164772727273
30.0	0.00102272727273
30.1	0.00153409090909
30.2	0.00193181818182
30.3	0.00159090909091
30.4	0.00125
30.5	0.00136363636364
30.6	0.00125
30.7	0.000965909090909
30.8	0.00125
30.9	0.00142045454545
31.0	0.00130681818182
31.1	0.00136363636364
31.2	0.00125
31.3	0.00153409090909
31.4	0.00130681818182
31.5	0.000965909090909
31.6	0.00142045454545
31.7	0.00153409090909
31.8	0.00147727272727
31.9	0.000738636363636
32.0	0.00119318181818
32.1	0.000852272727273
32.2	0.000909090909091
32.3	0.000795454545455
32.4	0.00113636363636
32.5	0.00142045454545
32.6	0.000965909090909
32.7	0.000965909090909
32.8	0.000909090909091
32.9	0.000568181818182
33.0	0.00102272727273
33.1	0.000965909090909
33.2	0.000625
33.3	0.000511363636364
33.4	0.000909090909091
33.5	0.000625
33.6	0.000852272727273
33.7	0.000795454545455
33.8	0.000625
33.9	0.000511363636364
34.0	0.000454545454545
34.1	0.000511363636364
34.2	0.000625
34.3	0.000681818181818
34.4	0.000681818181818
34.5	0.000795454545455
34.6	0.00102272727273
34.7	0.000340909090909
34.8	0.000568181818182
34.9	0.000454545454545
35.0	0.000625
35.1	0.000397727272727
35.2	0.000511363636364
35.3	0.000284090909091
35.4	0.000965909090909
35.5	0.000511363636364
35.6	0.000852272727273
35.7	0.000397727272727
35.8	0.000625
35.9	0.00102272727273
36.0	0.000511363636364
36.1	0.000852272727273
36.2	0.000170454545455
36.3	0.000397727272727
36.4	0.000454545454545
36.5	0.000284090909091
36.6	0.000454545454545
36.7	0.000511363636364
36.8	0.000397727272727
36.9	0.000454545454545
37.0	0.000568181818182
37.1	0.000454545454545
37.2	0.000568181818182
37.3	0.000568181818182
37.4	0.000625
37.5	0.000852272727273
37.6	0.000511363636364
37.7	0.000397727272727
37.8	0.000681818181818
37.9	0.000568181818182
38.0	0.000568181818182
38.1	0.000511363636364
38.2	0.000340909090909
38.3	0.000170454545455
38.4	0.000454545454545
38.5	0.000284090909091
38.6	0.000397727272727
38.7	0.000284090909091
38.8	0.000454545454545
38.9	0.000511363636364
39.0	0.000284090909091
39.1	0.000284090909091
39.2	0.000397727272727
39.3	0.000340909090909
39.4	0.000454545454545
39.5	0.000568181818182
39.6	0.000284090909091
39.7	0.000227272727273
39.8	0.000397727272727
39.9	0.000340909090909
40.0	0.000397727272727
40.1	0.000170454545455
40.2	0.000511363636364
40.3	0.000227272727273
40.4	0.000284090909091
40.5	0.000511363636364
40.6	0.000227272727273
40.7	0.000284090909091
40.8	0.000340909090909
40.9	0.000397727272727
41.0	0.000170454545455
41.1	0.000227272727273
41.2	0.000284090909091
41.3	0.000227272727273
41.4	0.000397727272727
41.5	0.000284090909091
41.6	0.000170454545455
41.7	0.000340909090909
41.8	0.000227272727273
41.9	0.000170454545455
42.0	0.000340909090909
42.1	0.000284090909091
42.2	0.000511363636364
42.3	0.000454545454545
42.4	0.000170454545455
42.5	0.000284090909091
42.6	0.000284090909091
42.7	0.000397727272727
42.8	0.000113636363636
42.9	0.000113636363636
43.0	0.000170454545455
43.1	0.000284090909091
43.2	0.000227272727273
43.3	0.000170454545455
43.4	0.000284090909091
43.5	0.000113636363636
43.6	0.000340909090909
43.7	0.000284090909091
43.8	0.000284090909091
43.9	0.000227272727273
44.0	0.000284090909091
44.1	0.000113636363636
44.2	0.000170454545455
44.3	0.000113636363636
44.4	0.000284090909091
44.5	0.000340909090909
44.6	0.000113636363636
44.7	0.000340909090909
44.8	5.68181818182e-05
44.9	5.68181818182e-05
45.0	0.000113636363636
45.1	0.000227272727273
45.2	0.000113636363636
45.3	0.000113636363636
45.4	0.000113636363636
45.5	0.000170454545455
45.6	0.000113636363636
45.7	0.0
45.8	0.000284090909091
45.9	0.000227272727273
46.0	5.68181818182e-05
46.1	5.68181818182e-05
46.2	0.000113636363636
46.3	5.68181818182e-05
46.4	0.0
46.5	0.000113636363636
46.6	0.000113636363636
46.7	5.68181818182e-05
46.8	0.000113636363636
46.9	5.68181818182e-05
47.0	0.000113636363636
47.1	0.000113636363636
47.2	0.000113636363636
47.3	0.000284090909091
47.4	0.000170454545455
47.5	0.000170454545455
47.6	0.000170454545455
47.7	0.000227272727273
47.8	5.68181818182e-05
47.9	0.0
48.0	5.68181818182e-05
48.1	0.0
48.2	5.68181818182e-05
48.3	0.000170454545455
48.4	0.000113636363636
48.5	5.68181818182e-05
48.6	0.000397727272727
48.7	0.000170454545455
48.8	0.0
48.9	0.000113636363636
49.0	0.000113636363636
49.1	0.000113636363636
49.2	0.000170454545455
49.3	0.000170454545455
49.4	5.68181818182e-05
49.5	0.000113636363636
49.6	5.68181818182e-05
49.7	0.0
49.8	5.68181818182e-05
49.9	0.000113636363636
50.0	5.68181818182e-05
50.1	5.68181818182e-05
50.2	0.000113636363636
50.3	0.0
50.4	0.000113636363636
50.5	5.68181818182e-05
50.6	0.0
50.7	0.000113636363636
50.8	0.0
50.9	0.000170454545455
51.0	5.68181818182e-05
51.1	0.0
51.2	0.000113636363636
51.3	5.68181818182e-05
51.4	0.0
51.5	0.000113636363636
51.6	0.000113636363636
51.7	0.0
51.8	0.000170454545455
51.9	5.68181818182e-05
52.0	0.0
52.1	0.0
52.2	5.68181818182e-05
52.3	5.68181818182e-05
52.4	0.0
52.5	0.0
52.6	0.0
52.7	0.0
52.8	0.0
52.9	0.0
53.0	0.0
53.1	0.0
53.2	5.68181818182e-05
53.3	0.000113636363636
53.4	0.0
53.5	0.000113636363636
53.6	0.0
53.7	5.68181818182e-05
53.8	0.0
53.9	5.68181818182e-05
54.0	0.0
54.1	5.68181818182e-05
54.2	0.0
54.3	0.0
54.4	5.68181818182e-05
54.5	0.0
54.6	0.0
54.7	0.0
54.8	0.0
54.9	0.0
55.0	0.0
55.1	0.0
55.2	5.68181818182e-05
55.3	0.0
55.4	0.0
55.5	0.0
55.6	0.0
55.7	0.0
55.8	0.0
55.9	5.68181818182e-05
56.0	0.0
56.1	0.0
56.2	0.0
56.3	0.000113636363636
56.4	0.0
56.5	0.0
56.6	0.0
56.7	0.0
56.8	0.0
56.9	0.0
57.0	0.0
57.1	0.0
57.2	0.0
57.3	0.0
57.4	0.0
57.5	0.0
57.6	0.0
57.7	0.0
57.8	0.0
57.9	0.0
58.0	0.0
58.1	0.0
58.2	0.0
58.3	0.0
58.4	0.0
58.5	0.0
58.6	0.0
58.7	0.0
58.8	0.0
58.9	0.0
59.0	0.0
59.1	0.0
59.2	0.0
59.3	0.0
59.4	0.0
59.5	0.0
59.6	0.0
59.7	0.0
59.8	0.0
59.9	0.0
60.0	0.0
60.1	0.0
60.2	0.0
60.3	0.0
60.4	0.0
60.5	0.0
60.6	0.0
60.7	0.0
60.8	0.0
60.9	0.0
61.0	0.0
61.1	0.0
61.2	0.0
61.3	0.0
61.4	0.0
61.5	0.0
61.6	0.0
61.7	0.0
61.8	0.0
61.9	0.0
62.0	0.0
62.1	0.0
62.2	0.0
62.3	0.0
62.4	0.0
62.5	0.0
62.6	0.0
62.7	0.0
62.8	0.0
62.9	0.0
63.0	0.0
63.1	0.0
63.2	0.0
63.3	0.0
63.4	0.0
63.5	0.0
63.6	0.0
63.7	0.0
63.8	0.0
63.9	0.0
64.0	0.0
64.1	0.0
64.2	0.0
64.3	0.0
64.4	0.0
64.5	0.0
64.6	0.0
64.7	0.0
64.8	0.0
64.9	0.0
65.0	0.0
65.1	0.0
65.2	0.0
65.3	0.0
65.4	0.0
65.5	0.0
65.6	0.0
65.7	0.0
65.8	0.0
65.9	0.0
66.0	0.0
66.1	0.0
66.2	0.0
66.3	0.0
66.4	0.0
66.5	0.0
66.6	0.0
66.7	0.0
66.8	0.0
66.9	0.0
67.0	0.0
67.1	0.0
67.2	0.0
67.3	0.0
67.4	0.0
67.5	0.0
67.6	0.0
67.7	0.0
67.8	0.0
67.9	0.0
68.0	0.0
68.1	0.0
68.2	0.0
68.3	0.0
68.4	0.0
68.5	0.0
68.6	0.0
68.7	0.0
68.8	0.0
68.9	0.0
69.0	0.0
69.1	0.0
69.2	0.0
69.3	0.0
69.4	0.0
69.5	0.0
69.6	0.0
69.7	0.0
69.8	0.0
69.9	0.0
70.0	0.0
70.1	0.0
70.2	0.0
70.3	0.0
70.4	0.0
70.5	0.0
70.6	0.0
70.7	0.0
70.8	0.0
70.9	0.0
71.0	0.0
71.1	0.0
71.2	0.0
71.3	0.0
71.4	0.0
71.5	0.0
71.6	0.0
71.7	0.0
71.8	0.0
71.9	0.0
72.0	0.0
72.1	0.0
72.2	0.0
72.3	0.0
72.4	0.0
72.5	0.0
72.6	0.0
72.7	0.0
72.8	0.0
72.9	0.0
73.0	0.0
73.1	0.0
73.2	0.0
73.3	0.0
73.4	0.0
73.5	0.0
73.6	0.0
73.7	0.0
73.8	0.0
73.9	0.0
74.0	0.0
74.1	0.0
74.2	0.0
74.3	0.0
74.4	0.0
74.5	0.0
74.6	0.0
74.7	0.0
74.8	0.0
74.9	0.0
75.0	0.0
75.1	0.0
75.2	0.0
75.3	0.0
75.4	0.0
75.5	0.0
75.6	0.0
75.7	0.0
75.8	0.0
75.9	0.0
76.0	0.0
76.1	0.0
76.2	0.0
76.3	0.0
76.4	0.0
76.5	0.0
76.6	0.0
76.7	0.0
76.8	0.0
76.9	0.0
77.0	0.0
77.1	0.0
77.2	0.0
77.3	0.0
77.4	0.0
77.5	0.0
77.6	0.0
77.7	0.0
77.8	0.0
77.9	0.0
78.0	0.0
78.1	0.0
78.2	0.0
78.3	0.0
78.4	0.0
78.5	0.0
78.6	0.0
78.7	0.0
78.8	0.0
78.9	0.0
79.0	0.0
79.1	0.0
79.2	0.0
79.3	0.0
79.4	0.0
79.5	0.0
79.6	0.0
79.7	0.0
79.8	0.0
79.9	0.0
80.0	0.0
80.1	0.0
80.2	0.0
80.3	0.0
80.4	0.0
80.5	0.0
80.6	0.0
80.7	0.0
80.8	0.0
80.9	0.0
81.0	0.0
81.1	0.0
81.2	0.0
81.3	0.0
81.4	0.0
81.5	0.0
81.6	0.0
81.7	0.0
81.8	0.0
81.9	0.0
82.0	0.0
82.1	0.0
82.2	0.0
82.3	0.0
82.4	0.0
82.5	0.0
82.6	0.0
82.7	0.0
82.8	0.0
82.9	0.0
83.0	0.0
83.1	0.0
83.2	0.0
83.3	0.0
83.4	0.0
83.5	0.0
83.6	0.0
83.7	0.0
83.8	0.0
83.9	0.0
84.0	0.0
84.1	0.0
84.2	0.0
84.3	0.0
84.4	0.0
84.5	0.0
84.6	0.0
84.7	0.0
84.8	0.0
84.9	0.0
85.0	0.0
85.1	0.0
85.2	0.0
85.3	0.0
85.4	0.0
85.5	0.0
85.6	0.0
85.7	0.0
85.8	0.0
85.9	0.0
86.0	0.0
86.1	0.0
86.2	0.0
86.3	0.0
86.4	0.0
86.5	0.0
86.6	0.0
86.7	0.0
86.8	0.0
86.9	0.0
87.0	0.0
87.1	0.0
87.2	0.0
87.3	0.0
87.4	0.0
87.5	0.0
87.6	0.0
87.7	0.0
87.8	0.0
87.9	0.0
88.0	0.0
88.1	0.0
88.2	0.0
88.3	0.0
88.4	0.0
88.5	0.0
88.6	0.0
88.7	0.0
88.8	0.0
88.9	0.0
89.0	0.0
89.1	0.0
89.2	0.0
89.3	0.0
89.4	0.0
89.5	0.0
89.6	0.0
89.7	0.0
89.8	0.0
89.9	0.0
90.0	0.0
