# Time(ps)	CHL1	POPC	POPI	POPI13	DOPC
0.0	29.4335898209	53.4863905702	55.3422136061	57.683674516	55.1457442782
5.0	28.920827985	56.1395714496	53.6735322502	52.5992405974	55.5282845705
10.0	29.8989148402	53.7035560136	54.4103948596	54.8242153722	55.1223896547
15.0	29.1691304037	54.4148020012	54.9175733711	56.6402482847	55.2326869881
20.0	28.4008021998	54.6880077879	57.2966717357	55.1745038786	54.5015519891
25.0	29.1409528219	53.7238469617	55.6826304868	52.7742151662	55.6780701475
30.0	28.9294232014	54.2341283369	55.2977069065	55.7590057585	55.6387532813
35.0	29.7646295272	53.5449702891	53.8811295133	58.610523154	55.6472782695
40.0	29.1568366076	54.1841481049	55.6004847294	59.1013271891	54.6272228872
45.0	30.079453995	54.3655139634	55.1411192015	59.5928314169	52.9648722362
50.0	29.6315574174	53.0153234136	55.6307369892	61.64489892	54.5650390831
55.0	30.2397013537	50.940502355	56.0930923612	62.9491429177	54.8769568226
60.0	29.9385402559	51.4267236704	55.3065390148	61.9866954564	55.7972994923
65.0	30.6871669076	51.3414977634	55.3195986773	59.8091017201	54.5911352651
70.0	29.9931012016	52.0577434054	54.5538449517	65.4772426311	55.3854814592
75.0	30.0004107472	50.7936231732	56.7341994156	66.1435032479	54.6061049931
80.0	29.5177123674	51.4384887008	56.8409646908	64.5366972032	54.9912425894
85.0	30.009118957	51.2955347384	55.646986908	63.0730145603	55.3722414772
90.0	29.2637518446	53.1655574449	55.2538572036	62.7978506155	55.3743332573
95.0	29.3201636966	52.367677358	57.7097401934	63.806068235	53.748207713
100.0	30.2655529539	52.2729836145	55.4535145987	62.6119073927	54.1021493628
105.0	31.0548844069	53.043515761	57.6311510349	63.3326666562	55.0252682158
110.0	29.2264553565	52.9288497013	56.2380635337	66.7018925809	54.4093945622
115.0	29.4921413968	52.5754953935	55.7648844641	64.1516419924	54.9122962146
120.0	30.4712880369	52.110432857	55.3893085884	59.9252254929	54.1796608279
125.0	30.6811344062	51.0108139563	55.6272332689	62.4371249889	54.3942984951
130.0	30.7106422716	51.5433346477	54.9764249384	65.3961821242	54.0925929874
135.0	30.6712683451	52.4471757834	55.1798763247	64.8770069765	53.1362544468
140.0	31.0405649954	52.8002883316	54.7987897804	59.5148361402	52.9237147008
145.0	30.905519574	53.9025912631	54.501877015	61.1458753994	52.1956812368
150.0	30.8057787459	52.8594159942	53.4746034058	72.6116545402	53.2163166193
155.0	30.1246852462	53.2462887062	54.903749409	65.9711350081	53.5694051944
160.0	30.8439360538	54.1982573601	53.2714889687	68.2217230708	52.4229478003
165.0	30.9658981322	53.327680755	54.1597719186	66.1339941273	52.4589534923
170.0	30.4051825417	55.1276646781	54.7060247163	64.5232702182	51.4498536775
175.0	30.4319057617	54.4397423978	54.0145107304	69.3963203535	52.2192999763
180.0	29.8397829524	55.0800366873	54.7109044567	62.9166543352	52.7845546152
185.0	30.4749668895	54.1674121312	53.9717948943	55.6724571741	53.8164244971
190.0	30.4776035504	54.198124083	55.00937399	56.4565166318	52.7681595742
195.0	30.2878638979	55.005097149	55.3570671908	57.2335696632	51.9500731941
200.0	30.2459270292	53.6143782943	55.5495532457	57.4125434561	53.2335390869
205.0	29.887239912	53.5415423504	56.436795708	57.3408764883	53.2323308379
210.0	30.0629986036	53.3972779731	56.2490263937	64.1060627951	52.5176602292
215.0	30.2950643959	52.7807678186	54.7325141377	64.4387909749	54.0015594926
220.0	30.329027374	54.1705798065	55.0467433176	60.157667004	52.6892035397
225.0	29.7619791416	54.7316222477	54.95232627	57.4602528642	53.6168844252
230.0	29.6430886522	52.7294479954	57.9889350711	55.4311071145	53.3269179907
235.0	29.411663783	52.802829989	58.9915769521	54.6014283073	52.8969434139
240.0	29.3776722418	53.7470804979	59.0099044981	53.0424782094	52.1599864695
245.0	29.0960586882	54.525608289	57.9864197338	52.2283325672	52.9471985093
250.0	29.562089935	54.707539944	56.4037479073	56.0645547622	52.8741165551
255.0	29.625502026	53.9733897405	57.1550290351	59.7512957594	52.4364421566
260.0	29.4960931749	53.774365439	55.841944256	55.2749017106	54.5238822094
265.0	28.8834686715	54.4764468089	58.0009684241	53.9393210322	53.2374451198
270.0	29.3576375484	53.5914781062	57.1943230576	53.51147605	53.9428332186
275.0	29.5219529611	54.1535829049	55.984185957	52.6865238976	54.2237040669
280.0	29.1825971557	53.9240520536	56.7221109687	57.1744852662	54.0189750733
285.0	29.3170923342	54.0280968384	55.9206605589	55.0628188062	54.5784747384
290.0	29.1085597542	55.0647938064	56.3428841063	52.9647605363	53.7886984958
295.0	28.8821724457	55.0649041291	57.278906044	55.9799931741	53.0973654783
300.0	29.1819136399	55.2170568179	56.8527060825	54.0735569659	52.9199739642
305.0	29.0876845851	55.5542568245	57.3304974827	48.2986257305	52.9187225223
310.0	29.6162516034	53.7709172574	56.5377173403	51.180725712	54.0702132432
315.0	28.8993290581	54.9442516469	57.0230601357	53.9745763868	53.6145051203
320.0	28.9756470096	53.7953890362	57.4281869129	51.2426217087	54.5193311704
325.0	29.088603308	53.7378910299	57.8866415662	50.4882530173	54.013665138
330.0	29.6772905294	53.8784245984	55.0732709102	52.6756912348	55.0090261574
335.0	29.2591897307	54.4528674349	55.5735368665	48.4676476205	55.2414632478
340.0	28.6057100539	55.6695826654	56.0590396313	53.1692036025	54.4245254363
345.0	28.6795223312	54.8876355623	56.1554596469	57.3319546941	54.55577475
350.0	28.704170676	53.2965235087	56.9106512633	55.5586197983	55.5953132373
355.0	28.5061620188	54.2300686749	56.177467517	56.4662379702	55.6268338024
360.0	28.8609869358	52.8394057904	56.7606258245	55.5721451241	55.8723913825
365.0	30.5234962299	53.5305565529	55.2203866537	72.8367653681	57.0381055738
370.0	29.0925393182	53.6167110383	54.4826548122	55.3478837456	56.7045728319
375.0	28.5349589483	53.9851525912	55.5892444331	57.3771041682	56.2525553064
380.0	31.0001619222	55.2368640624	56.8167720201	60.9850592196	60.3183131284
385.0	31.2504053891	54.8300925764	56.8267959524	57.7065776388	60.5695933829
390.0	29.6588050627	55.0505114929	55.8350909077	62.0975043219	57.8296748459
395.0	28.1723898703	54.215639723	56.4088671019	52.2332008822	56.5239109247
400.0	29.8982399041	55.8221503991	56.4468654924	59.1049738774	56.3890774298
405.0	29.8573580138	54.8339649643	57.273504902	60.2596303071	56.6822050904
410.0	27.9647892967	53.5762661717	57.302698587	53.0613028287	56.6912797639
415.0	29.9595768064	54.8888484084	58.0614476211	58.1016179891	56.0082571933
420.0	32.1968380548	56.4138998967	58.8233228047	58.3235646375	61.7213182154
425.0	29.8395288563	54.0468032386	58.435199294	62.4358110837	56.3580312643
430.0	31.7795963054	56.0684770343	55.6493242994	59.2971916062	58.8875677993
435.0	31.5053971129	56.4906274872	55.4898535831	58.4657012443	59.2619265092
440.0	30.1664983653	56.3470397017	55.9673311586	58.1682496369	55.8048976538
445.0	29.9360302475	56.9639835977	55.6354373927	56.4934378632	56.081871772
450.0	32.093633243	58.1527904128	55.840785454	60.983534903	55.5163108443
455.0	30.2937954544	57.6983387792	55.8508716354	57.991778879	54.3097475515
460.0	28.2709116021	55.2914761543	55.7694958557	54.8072953446	55.569004191
465.0	30.3255148678	57.0736899634	56.4468175709	59.797714415	53.9655699064
470.0	28.0657593847	57.5691121517	54.3730341534	53.5360106012	55.0857086546
475.0	28.1503318299	56.4482120856	56.5662490828	53.4279624446	54.074342276
480.0	28.5297307755	55.5059270848	55.4143239893	50.6961807233	55.5677688973
485.0	28.0638250768	55.9871985021	56.2272286602	58.6977397883	54.4864273762
490.0	28.0962265847	56.0197024399	56.4965978819	51.7321118996	54.8432134821
495.0	29.5634808629	56.1861394078	54.9043406078	62.7160857108	57.5675026481
500.0	28.3031980993	53.4948618609	55.3102466323	57.7252170431	57.4226420152
505.0	28.4506757064	55.0628382762	55.5563392591	54.5147446748	55.6591968419
510.0	28.453901821	54.7137417462	55.3645220745	53.5275153757	56.2731692271
515.0	28.3753706379	54.1631562753	57.8353186226	48.7410197687	55.2358152935
520.0	28.1254913508	54.3693858763	56.199948943	54.7754886111	56.3976991805
525.0	27.9824964471	54.3120457133	55.9795598155	53.9409155	57.0227931901
530.0	27.9855712453	53.5849120621	55.601128482	63.6849777398	57.1100532871
535.0	28.2031368576	53.3767410421	56.4585173148	59.1326712679	56.566656852
540.0	27.78322487	54.1472475549	55.6989452685	63.0346222076	56.929366648
545.0	27.8489418061	55.8240855821	54.1744673286	61.392858805	56.6573486962
550.0	27.7671695519	54.7200541932	56.3402192542	60.0485319591	56.1102145662
555.0	27.9052967416	54.3636334122	56.2112993964	60.0630378325	56.3048928822
560.0	27.9650268689	55.3416957891	55.6457440059	56.4730061111	56.0754419772
565.0	27.8575355025	54.7901745642	55.0141792091	61.6259274221	56.8949500346
570.0	28.470184738	54.5084395383	54.7561338011	60.3912680584	56.3070928167
575.0	28.1444153799	52.4665702482	56.8169946576	60.0148726223	57.1834128895
580.0	27.9516358261	52.6185677221	58.3380211897	59.1943245943	56.1299907911
585.0	29.050279715	54.1706433167	59.7075848637	58.6337524731	56.8934934629
590.0	29.2481706391	55.2536756915	57.234238572	58.0099507283	57.7930275891
595.0	27.416355216	55.1510717122	57.191459962	57.7311817666	55.8463484752
600.0	27.6540095758	52.8319749673	57.5183913631	62.2896478833	56.9401152747
605.0	28.1293903907	50.9819801606	58.5402625011	65.7365633862	56.5749833465
610.0	28.3141952385	52.8801000305	57.5297419956	62.0968136287	55.5806778115
615.0	28.6039442578	52.265775316	57.6748678569	62.5730695771	55.437248555
620.0	28.6834586625	51.7160288788	57.4867388579	64.0843182696	55.8461452789
625.0	28.7001617683	52.4867481999	57.8964182206	61.0005920548	54.9816402815
630.0	28.4699379267	51.8591803433	58.2630937409	64.3403281187	55.4057638726
635.0	28.7535855827	52.9152388745	56.8492240341	59.2081312553	55.5681111521
640.0	28.849351228	53.3961360725	57.0344057035	59.946055284	54.6551778174
645.0	28.6345204641	52.403538437	57.6036787495	54.9064287112	56.0691255701
650.0	28.7899249245	51.8350063601	56.7603637366	61.1696118202	56.4594244176
655.0	28.7498236245	53.2843268434	57.817370479	59.4667088093	54.3093313935
660.0	28.3801048739	52.6680191674	58.2153350891	57.9165609137	55.4618873567
665.0	28.6450985732	52.449348928	59.1873485917	59.2085153017	54.1466506326
670.0	28.4592842873	53.2200767585	58.4193178193	60.6593659646	54.2937229359
675.0	28.6255444621	53.5324358771	57.5742709048	61.9250299387	54.2827512819
680.0	28.9393405237	53.130225477	58.2132127262	59.9151743554	53.6832768488
685.0	29.4159325331	53.4774459725	57.086021315	58.8265752613	53.5062462027
690.0	29.7192850964	52.3916448448	58.2008025405	58.379082638	53.0266619647
695.0	29.6480085754	51.3930226942	58.3980530784	61.8572515273	53.6425368889
700.0	29.8872842342	51.7279894972	58.6240264052	58.8362407935	52.9278477796
705.0	29.7004495493	52.7842212642	58.10884481	60.7955927528	52.5130017974
710.0	29.3723640818	52.0889348624	57.9877095918	66.4717288869	53.4058416924
715.0	29.6680163995	52.142601116	58.3789027903	61.6332703978	52.8926518084
720.0	30.0398809775	51.031752818	57.413844812	64.2536742268	53.8662961116
725.0	29.6641635703	51.8509417908	57.9224812902	57.3211376956	54.0340223369
730.0	29.0345597917	55.4316509874	56.4433315292	56.5149588242	53.1244158946
735.0	29.3464862508	52.6032585799	58.7170227264	61.0049374732	52.833559157
740.0	28.6377761977	53.5509643845	58.5906375091	64.7945539608	53.0380514862
745.0	28.9693073703	51.6123502174	59.1965683267	63.3848604366	53.9091957216
750.0	28.8547692783	53.3978650588	58.2639336159	61.3069274201	53.3999999287
755.0	28.6634215673	53.9550477065	58.4147528983	61.0751957811	53.1129283964
760.0	29.3651943215	54.0966446962	56.750640114	61.3157768208	53.0413623081
765.0	29.2566303487	53.1034030113	57.1961704274	61.2690243027	53.8554069499
770.0	29.6021603855	52.0670305555	58.0124686005	65.3368883543	53.059376474
775.0	29.4791024072	52.2430142959	57.5234520163	59.5863315144	54.1446574086
780.0	29.979678127	55.7256362948	55.3359548988	65.529032125	56.5689250998
785.0	29.76318692	54.8906254786	58.1435828091	62.3556858761	55.9081947979
790.0	29.8521645906	54.6550597715	57.0303437094	66.1660116716	56.4753708954
795.0	29.9907045221	51.9088291247	58.4215699873	60.7061654686	52.5354001907
800.0	29.4572360544	52.6872920225	58.1365918156	63.1983014554	52.8310783873
805.0	29.5601352823	55.0129505655	57.4594009047	61.6314758702	56.8117151831
810.0	29.2844665944	52.8199643652	57.4981845109	66.0426870954	53.3341667454
815.0	30.4366882786	54.7075307473	58.9878848851	63.0795187573	59.9961263634
820.0	30.1924367177	54.0155252517	56.2151487627	62.2408609934	57.4790284613
825.0	31.0498654241	53.6466514464	59.7906643028	56.8489649134	59.7909679238
830.0	31.0747174332	55.2568731626	59.7095569478	56.640406696	58.041738832
835.0	31.2578710006	55.3535482139	59.9770145848	63.1352268733	56.5679702147
840.0	30.695274578	54.0856278381	59.9480289454	59.8406469978	52.9578992852
845.0	30.5427692625	56.0549795825	57.6005672086	58.7824924347	53.976413078
850.0	30.7095748898	55.6610233169	57.1946518881	59.0968244813	54.3299943093
855.0	29.7686494365	53.4732685307	58.0183918564	57.2405047961	52.1244004073
860.0	29.5969138586	52.5189939566	58.3537297706	55.5370743435	53.2906643629
865.0	31.0666744667	52.1961413897	62.3657016327	63.2213672119	57.2383094238
870.0	29.3675747694	52.5135480485	57.672638079	67.565078765	53.165024721
875.0	30.1911681446	51.9674321704	55.9406837921	66.2982616339	53.7493905457
880.0	28.9704977058	51.8746768796	57.149136813	63.7686601254	55.4488349153
885.0	29.5281981411	52.8260649971	59.0464687555	67.1163736421	56.6222727709
890.0	29.5435089766	51.9899105974	56.8119460607	65.4753662581	54.3204239747
895.0	29.917560081	51.0567030533	59.48636342	63.1855200024	57.4331562966
900.0	29.5838416583	53.3147017493	59.6915803078	64.1790700975	55.7842808482
905.0	29.6065924337	52.3831136629	56.5259307031	63.8711779444	54.2189476131
910.0	29.9201475588	52.2086717888	56.6536862537	65.3837264746	53.5000117666
915.0	29.6725784109	51.2749115087	57.3020096242	65.4851067885	54.3352464604
920.0	29.6766299294	50.6000830579	57.6631761896	61.4330986979	55.0821118657
925.0	29.9490109886	51.5345112777	56.0335842565	57.9687115499	55.4160164286
930.0	29.7641646736	52.100614807	55.8889164623	54.5372945938	55.6928798721
935.0	30.0309329908	52.0576912006	55.7184993602	49.4137027843	55.8679338324
940.0	30.1250104124	51.6481788462	56.2698434641	55.6275746928	54.9717812699
945.0	30.035822879	52.6651709943	55.2753825602	55.1469841175	55.0762563494
950.0	29.9384493214	52.847040048	55.597363414	53.7810590013	54.9359399239
955.0	30.8428808482	52.9921906321	56.0364568226	51.657676706	52.7990713279
960.0	30.4596851269	52.6710634334	55.1983888984	52.3487308209	54.5717251488
965.0	30.2038721438	52.4412779838	55.7112014198	53.7161192086	54.7149347347
970.0	30.2331532709	50.5407662042	56.8250266206	53.6806603725	55.5579952771
975.0	30.6181881031	52.0825252715	54.9567083235	54.2104643457	54.8746004691
980.0	30.4008770923	53.1775332194	53.7041027868	50.964060445	55.6662411355
985.0	30.3188267782	51.9857901446	54.4334078275	52.9650600364	56.165492397
990.0	30.8172600677	51.7235030174	55.243875064	50.9773461301	54.9004287779
995.0	30.3490002888	51.8303748266	55.8806565196	47.0511492891	55.5495277492
1000.0	30.402798379	51.1964539931	55.7951835199	48.5249274	56.0053770095
1005.0	29.9133582761	53.0978859677	55.566801956	47.515139472	55.3893975393
1010.0	30.4630697722	53.7860300137	55.0174283516	50.7712181435	53.7706422108
1015.0	30.5116816139	54.3795065584	55.0834375194	50.6765483219	53.0300219152
1020.0	30.3291127079	52.4696007035	56.315270493	53.4573422845	53.9182637012
1025.0	30.155061897	53.083801066	56.1367322891	49.4471725844	54.2139452782
1030.0	29.9337869229	52.4806570485	57.1845475649	55.9746942047	53.6637246613
1035.0	30.6791173453	52.9197382613	56.5750059124	54.5692051572	52.4231466327
1040.0	30.3598896918	53.3793393731	56.1174130365	52.6328088856	53.2075664688
1045.0	30.3240751178	53.4925716439	56.443624801	53.0597480041	52.8296501397
1050.0	30.2377635831	52.2019795578	57.0767400042	51.0011295737	53.9288766826
1055.0	30.3800018234	51.3297177452	58.0812410622	54.2859656023	53.2841182877
1060.0	30.5690595826	50.5199345247	56.9008473425	57.3679835498	54.4699137274
1065.0	29.7689640012	51.3057329193	58.347055816	52.8203886111	54.4375150154
1070.0	29.6555932333	52.3804618842	58.264884783	50.4043444041	53.9050641283
1075.0	30.4416797882	53.3498142312	57.538340258	51.8020771573	57.6316080859
1080.0	31.3358129465	52.7483414264	56.9961732151	52.8565258187	56.7731372162
1085.0	30.1223239552	52.1726275696	56.4720922423	51.7448182576	54.6589391322
1090.0	30.0918444233	53.0371359967	57.0790705498	48.4920037667	53.6344314137
1095.0	30.3420694881	52.1833253098	56.5472481817	51.5546600433	54.1600878604
1100.0	30.0576332731	52.2733969695	57.6189485436	53.928567015	53.4369634084
1105.0	29.5245594586	51.6039412796	58.2418827651	51.5010901837	54.8547466042
1110.0	29.8758901632	51.3503699974	58.0742131781	48.286688186	54.8780015908
1115.0	30.1127578383	50.0375083055	58.8689746389	53.8370542232	54.4469101475
1120.0	29.8315094922	50.5529477543	57.7182022449	57.4347804033	55.1697278702
1125.0	28.9264972997	50.6254307352	60.2520353775	49.2866261709	55.4417069297
1130.0	29.449727498	50.8323218385	58.1435802566	54.90883003	55.523731353
1135.0	29.2356488497	49.8119682093	58.7028515142	58.6443380313	56.0953483363
1140.0	29.3169817838	51.0090818921	57.95779255	54.9539386053	55.7751809831
1145.0	29.3492456666	51.0457646698	59.2320206006	49.6907973593	55.0534150902
1150.0	29.7817722748	51.9618325538	56.2697666617	49.6242259218	55.9450798317
1155.0	30.3506279853	50.5660599827	57.7684362286	43.6166237582	55.4551329436
1160.0	30.0644567255	52.269980379	56.1330188036	47.2076951436	55.4362240076
1165.0	29.8540084314	52.4709028928	57.2718812619	46.4832811991	54.7037005689
1170.0	29.7610411383	51.286432991	58.1203634583	50.9974716742	54.8590545415
1175.0	30.7749158967	52.4286269172	55.2049054746	55.3534430558	53.8774620706
1180.0	29.6500843125	53.2787968785	56.7304518283	56.2749641353	53.811703195
1185.0	29.790158959	52.179805268	57.2525020345	60.1191946123	53.7763534896
1190.0	29.9365371464	52.5733404537	56.9725017606	55.141049746	53.8398618451
1195.0	30.4594914313	53.5087747418	55.2051039475	52.3237054198	53.7308722556
1200.0	30.4200042461	52.6270969183	55.6895725453	50.0276122309	54.4851412718
1205.0	30.6480488807	51.9805316147	56.1958897245	50.0056099089	54.2221345789
1210.0	30.5103344061	51.8999062563	55.3581684405	53.3879774012	54.9939743945
1215.0	30.0683398065	51.645770501	54.6334973648	55.3595617529	56.5871435214
1220.0	30.510783647	52.108979881	55.1027181087	49.9839669559	55.3542375313
1225.0	30.6932594576	52.9822466701	55.208589081	49.7116220573	54.0480000427
1230.0	30.0208510104	52.0984595223	55.2532192321	51.8759001626	56.0199240263
1235.0	29.5040904842	53.2695470763	55.3933161159	54.033804882	55.5405624612
1240.0	29.8317889329	52.5345858696	55.3662223553	56.1953624907	55.4283546255
1245.0	29.8519456121	53.211878375	55.3286530266	53.1879928472	55.045237651
1250.0	29.1599452941	52.0187348694	56.2808492306	61.7149091431	55.9126899658
1255.0	29.0202196795	52.7760864614	57.8170425036	56.3586718957	54.587940727
1260.0	29.7593372224	52.104980156	57.0436016254	59.852968409	54.1274455414
1265.0	30.732138823	51.4004567826	56.3589071783	53.2031397383	54.1675819135
1270.0	30.0704287302	51.5522768051	57.187449436	51.51145458	54.7626233418
1275.0	31.527687313	51.4943291089	59.9368960975	54.5827670571
1280.0	30.2203166178	51.3699720881	56.8633529049	53.8662444139	54.7014461316
1285.0	29.6721245876	52.9024818355	55.4794141432	50.9457046161	55.8027960818
1290.0	29.5740473313	52.2635597969	56.6984166931	53.1488046078	55.320605682
1295.0	31.247318445	55.1987339629	56.0596758556	54.338658926	55.0145388352
1300.0	31.493671221	55.1865352868	55.5726438106	48.9806054048	55.5069818436
1305.0	30.0682314043	51.7407445159	55.17132243	53.2736509966	56.216768979
1310.0	31.1701534292	52.6808805763	54.6762389325	50.0961098648	59.3038650141
1315.0	30.8982386356	50.1555489684	56.2826534734	52.9841621123	55.170718298
1320.0	29.96229944	52.3799793001	55.5633735203	55.7552309987	55.1884873809
1325.0	30.6675953809	50.9104255529	55.3530503126	51.6568780479	55.8465295732
1330.0	30.0290481151	51.3708633341	55.9385759724	54.0311700576	55.8988699239
1335.0	30.907787325	51.3353145978	54.6088429074	52.926185135	55.4841494071
1340.0	29.863862428	50.7407551207	57.7836488442	47.8879852663	55.8131037571
1345.0	29.7695264349	51.624085365	56.3512847404	54.1480668993	55.7815126241
1350.0	30.0289964114	52.0331182407	56.5954972527	53.2700783827	54.7215729813
1355.0	30.2069205322	51.9030808755	56.8176745609	53.5300124617	54.2697472827
1360.0	30.0606189877	51.2708509184	56.3831827506	52.0005494626	55.7386037757
1365.0	31.0025312383	51.6195770851	56.4795625175	50.7521567232	53.5441746686
1370.0	30.2050318393	51.453813577	58.0422492869	53.1346121079	53.6602774321
1375.0	29.9251126684	50.9714754647	58.7321102528	53.6034843149	54.0346177395
1380.0	31.4023265736	53.5431497075	56.3459805679	53.5614160553	56.2948850631
1385.0	30.5072016555	53.8946519259	57.1979516588	56.6937578461	56.7388271458
1390.0	31.4499730026	53.4562209494	57.4463473183	58.6305435139	54.8993010942
1395.0	30.7784902132	53.0055763951	58.6014821983	57.8540174182	55.8464418464
