# Time(ps)	CHL1	POPC	POPI	POPI13	DOPC
-5.0	30.2894089685	56.6828853302	57.5919057983	61.928722173	53.333613368
-5.0	30.6406278999	56.4109257873	57.6199673738	58.4794232511	53.2228369873
-5.0	30.2160679678	55.6103862576	58.1569549848	54.4326900628	54.7938362245
-5.0	30.3256649811	55.8541814306	56.5849679374	54.3903750717	55.7498385505
-5.0	29.6831574002	57.3365564758	57.2733984789	53.32212802	55.0396616298
-5.0	29.8337145773	56.7125160785	56.4292079312	56.26690652	55.8279610905
-5.0	29.8971314354	55.9331242061	56.5296400359	61.8201031068	55.834772105
-5.0	30.1517717091	56.4395717473	56.346329282	55.7706368602	55.5889495699
-5.0	29.5312491709	57.2789050389	56.1640544385	60.2890330625	55.7029129232
-5.0	29.7375174698	56.6896960858	56.9451600086	64.9589444807	54.709643056
-5.0	29.8656221677	56.4941329859	55.2015681638	67.5249064633	55.9615999368
-5.0	30.204021021	55.6854706327	56.8372277308	63.8095756487	54.9928415606
-5.0	30.2587564798	56.3578658467	56.2496198005	66.4589495761	54.4749874977
-5.0	29.6374354465	54.9577791463	56.2390306118	66.6327736662	57.1098791036
-5.0	29.7148053624	55.66673856	55.3372969671	69.8973902367	56.7312192443
-5.0	29.4742364191	56.8513430956	55.715590756	66.660447134	56.0110601268
-5.0	30.0275234425	56.8357721798	55.9015164568	66.9660872989	54.7220807745
-5.0	30.8151095443	55.7732683284	54.4986089439	67.1063441862	55.4580252015
-5.0	30.1370948517	56.8309147244	56.1327176021	63.0466016587	54.6915954218
-5.0	29.6025317205	57.4524119486	56.5959159224	65.9244082612	54.4346337739
-5.0	29.7359469727	56.573316979	57.607242414	70.1489864036	53.7142474441
-5.0	29.4962581369	56.2977435019	56.2106843448	66.3392483896	56.1071472758
-5.0	30.231097168	56.354932194	56.1067616274	66.2348323324	54.6841559638
-5.0	30.1295509386	57.0711445186	57.1357313798	64.8498331474	53.3835191435
-5.0	30.2695338325	55.7668816936	56.6621405699	65.4175826751	54.7772645372
-5.0	30.481041049	56.3618229761	56.223759394	63.5187747338	54.3436292128
-5.0	31.0569913322	57.1495617437	55.9560101455	60.2859777896	52.9683668118
-5.0	30.2614715591	57.594716639	55.2815049231	61.8971681962	54.5601718815
-5.0	30.3004936352	56.9247642713	55.7006491461	65.0798491588	54.4565276156
-5.0	30.6908045672	57.377006071	55.8385122329	62.5570841731	53.3519069275
-5.0	30.9142278162	55.9859880171	55.6857872742	69.8076532534	53.7085460844
-5.0	30.5088584037	57.1696647193	55.5823132659	62.3796474969	54.1714355428
-5.0	31.0260290974	56.6915088425	55.4759936474	66.0992070754	53.3389857426
-5.0	30.8918586923	56.3741852277	55.1541545803	64.5760777661	54.3666611209
-5.0	31.0351073756	56.0437699115	55.5087129196	67.412589619	53.8078089602
-5.0	30.8586744569	56.1759688455	56.0617979769	67.1527452756	53.5566418755
-5.0	30.4177077102	55.3772087793	56.6910221663	61.3012536434	55.2561308726
-5.0	30.7159229188	56.0380813579	57.2948704706	57.6269129704	53.8229331373
-5.0	30.3718971354	55.0530789948	56.0399770244	65.517649831	55.8362924736
-5.0	30.401002972	56.8983479711	55.1932928674	63.819798146	54.8645496005
-5.0	31.062565279	55.3226199916	56.8161314129	60.2399204092	54.0146255542
-5.0	31.2125392805	54.7244280718	54.6057097068	64.4061510413	55.8855790943
-5.0	30.8082110109	55.0567751752	54.9703234028	59.8079256445	56.4935775202
-5.0	30.8054125842	54.5945952238	55.4751597235	57.8641727239	56.7014120438
-5.0	30.457114275	53.9854303112	55.5296979122	60.1611801529	57.7283141515
-5.0	30.9245549009	55.1382438689	54.1353712795	63.3289835081	56.5787450923
-5.0	30.7395525423	56.4977713081	54.388536168	63.3260996789	55.3616786554
-5.0	30.681012999	56.1820026187	54.2840456192	64.9987429274	55.7213160648
-5.0	30.4298309007	54.9757687353	54.75236329	69.492258724	56.5590425113
-5.0	30.9966083563	53.8536275172	55.5652517212	64.8351426564	56.2818574163
-5.0	30.3463623528	54.0288643846	56.3548263054	71.0837085886	56.0716250503
-5.0	30.7569785572	53.9563599366	55.0108811296	67.5851656937	56.8822424745
-5.0	31.3802571167	54.6286004814	53.8627855803	68.0052992774	55.9547600202
-5.0	31.8190562624	54.599229882	53.8227287603	63.7065979851	55.5723474761
-5.0	31.0895108992	53.9567294202	56.6313766325	72.7467508863	54.2421790846
-5.0	31.2777554029	53.2363266143	55.3180040352	68.9659499907	56.1462119247
-5.0	31.6367123758	54.5356804715	55.2819634172	69.964305303	54.0615596575
-5.0	31.7202939206	54.5837996375	56.0220293386	62.2108372829	53.9556271397
-5.0	31.7443386253	54.4002422092	56.7932477158	59.5161688723	53.6664179199
-5.0	31.518789039	55.4785078914	54.2534608072	62.364686727	55.0402168052
-5.0	32.0103924692	55.4914261709	54.6125818745	63.5489962794	53.6024722332
-5.0	31.8866427236	55.2814984519	55.0922623489	62.3298064918	53.7500950118
-5.0	31.9364410883	55.1654375049	55.4349130277	62.748254258	53.416330331
-5.0	32.3367110851	54.3406316372	55.3924641718	58.7126150989	53.8823284787
-5.0	32.0254420021	55.2925144935	56.7041435477	59.2706008898	52.3166694433
-5.0	31.5918040765	56.4570796646	56.3861039637	56.8612669957	52.5465520477
-5.0	31.0915675444	56.0968929971	58.0914373913	61.3545055446	51.9231087296
-5.0	31.2802034452	55.3644522561	57.1101902749	63.4637627558	52.9504502515
-5.0	31.1724955395	54.7352736491	56.5330532766	63.1272374901	54.3481460198
-5.0	31.3632475347	55.8267540687	53.7193860288	58.6166442032	55.8585486455
-5.0	31.7712217577	54.2478688542	55.1603773528	63.4013445232	54.8461458156
-5.0	31.8836393771	54.825557493	54.3762464745	63.7329092274	54.7161591599
-5.0	30.877299189	55.3525344987	55.2364861909	59.3227507762	55.8686854732
-5.0	31.5601642443	55.6927788978	54.9639411641	57.4047283294	54.5997305719
-5.0	31.278377598	55.870653335	53.7290511537	59.8265970764	55.8546594084
-5.0	30.8220291397	56.1236935315	54.8836954585	57.4990470355	55.7079006533
-5.0	31.2032029568	56.9568738822	55.2309972096	62.1488118665	53.3348467021
-5.0	31.4077351892	56.0710908013	55.1370826528	62.4421975025	53.8667195701
-5.0	30.4686433732	55.7130086337	56.2845789369	64.9217496941	54.822305667
-5.0	30.2917036611	55.2775189323	56.2460411539	67.8058106082	55.3578921719
-5.0	30.0796239154	57.111385805	54.6798503448	60.9571517003	56.0426374489
-5.0	30.6302399097	56.3522463767	55.2430401477	61.4767913359	55.141714286
-5.0	31.1260660428	55.3855239695	55.7468935096	61.9278584652	54.6182276371
-5.0	30.806533197	56.1928525484	55.6311806349	68.1022376999	53.9367085714
-5.0	30.4563364706	56.8342515155	55.5894712504	63.7344386059	54.4700515199
-5.0	30.7336105389	56.6394904505	57.4317150987	63.2739386	52.4982251996
-5.0	30.4848200934	56.6396705254	55.8893506224	61.4385496994	54.5671936513
-5.0	30.1606093339	56.912204857	55.2118188866	60.875033877	55.6092902249
-5.0	30.4675775166	56.5424465781	56.7896689887	63.3412588897	53.6984551601
-5.0	29.8868776956	56.3680502532	57.1253804164	59.8594674271	55.0802597345
-5.0	30.4891357976	56.4770793708	55.1282980168	63.3143089643	55.2186326213
-5.0	30.1293687242	56.9679326275	56.1075629383	63.7449462541	54.5229335852
-5.0	30.2781775907	57.5820370606	56.2341635994	61.6188833225	53.7098845032
-5.0	31.4982746038	57.7373228782	53.4580519121	61.4337123887	53.6314236955
-5.0	30.461096124	57.4614616199	55.1997417214	67.463654297	53.8110429077
-5.0	31.5064956707	55.9081624443	54.0300731538	64.5292494365	54.6197257585
-5.0	31.2619744705	55.7510367739	54.9596660383	65.2845227568	54.353773104
-5.0	30.846080423	55.6590640993	56.075641003	68.0290278375	53.9985848902
-5.0	30.1366661731	55.6008507552	56.4713287836	65.9976350933	55.3226881279
-5.0	31.2300889762	55.729181258	53.3990845297	62.3946656038	56.1328697558
-5.0	30.2127138565	55.0788305004	56.6205076692	61.5974428119	55.9984158949
-5.0	30.6721501032	55.4855503016	55.6956219639	65.6268705417	55.1023088526
-5.0	30.2473827086	56.0807632694	55.9854929525	65.8662016847	55.0718069665
-5.0	31.6820110724	55.9336051445	55.7821861942	64.4478504776	52.6744256068
-5.0	30.3205030234	56.1308341243	56.7270252507	66.0135349281	54.1933034945
-5.0	30.626045139	55.6496016646	56.7703835689	63.7504587643	54.2508239276
-5.0	30.0446800127	57.0287104443	55.4518273269	65.6375788203	55.0324431407
-5.0	30.2007482364	56.4212467707	55.5009256513	65.6216276128	55.2851870909
-5.0	30.5366631718	56.766354688	55.9123505983	62.3224128551	54.2279285168
-5.0	30.7884715073	56.8346636762	56.0290786258	64.2749036233	53.3555996901
-5.0	30.4456044361	56.9295090936	56.6487477714	67.5280549865	53.063508709
-5.0	29.9203699838	57.8160989534	56.306585615	70.9186550328	53.1962370892
-5.0	30.0456553196	56.4966562986	57.102239663	64.4892195272	54.1920025739
-5.0	30.5511732283	56.5007092198	55.9672640778	69.3358564725	53.7137199378
-5.0	31.0560009105	55.4066353385	55.1390463018	71.2587497103	54.3513233038
-5.0	31.5313520043	55.2123108885	55.446635828	65.7862374706	53.8652194788
-5.0	30.0747461343	56.534366614	57.4685359147	65.2511009162	53.6902808869
-5.0	29.920952016	57.1805606654	54.8922134249	65.6517516284	55.6302584293
-5.0	29.8735104693	55.7979798138	55.2292841954	67.1023665095	56.6593318689
-5.0	29.8299435237	55.2207370273	55.7176135043	65.0628159647	57.0881419165
-5.0	29.4729692211	57.4632038631	54.7372519946	66.1508066641	56.3331171842
-5.0	30.1542944247	57.9001124998	54.1653802307	63.2265254269	55.3406277492
-5.0	30.8614956677	55.9982936836	53.6358801061	63.5538652374	56.27187635
-5.0	30.3098572254	56.7741138438	54.2551272586	58.6484864981	56.5325586175
-5.0	31.3153892962	54.5332016924	53.9037025798	57.4426456206	57.1993745762
-5.0	31.3435820114	56.5908863813	53.0929156149	60.0752295285	55.5517359929
-5.0	30.8706505455	54.7126200258	53.563545402	63.6452851074	57.5951648893
-5.0	30.6377542356	56.7635701472	54.3986807899	61.6624611476	55.45674275
-5.0	31.0088488463	54.826564724	56.156145507	60.8274241943	55.1533337591
-5.0	30.4954117372	55.6587488426	55.0450068309	60.5091848174	56.3799055494
-5.0	30.821355645	55.0917176865	56.4278799884	63.8185150282	54.7195284644
-5.0	30.4556509459	53.5618152887	56.825366425	59.503525289	57.0546028488
-5.0	29.9181868188	53.3477112133	58.5725286566	58.6689448765	56.8545837795
-5.0	30.1019053883	53.999856682	57.8697033163	64.4458615669	55.8898187532
-5.0	30.3936056803	53.7616490218	58.5340443261	63.5888606942	55.03242809
-5.0	30.0274404015	54.4488367224	57.8464608741	65.1427894388	55.541136047
-5.0	30.7590867849	52.4080633492	58.3901884231	61.9017448983	55.9533069861
-5.0	30.3391966942	53.5596203039	59.7147703859	63.9978163668	54.2397860839
-5.0	31.107551859	52.9246125831	57.7227160199	63.3180078443	55.1989171155
-5.0	31.0343926951	55.8660086774	55.9469609705	62.0002959991	54.1337796493
-5.0	31.3862312605	54.5115280393	54.5382106456	68.70035351	55.3825004595
-5.0	31.1248316456	56.5586897539	54.6876244909	62.1096408059	54.3828023175
-5.0	31.074357702	56.0417424628	54.2650387278	66.7427107451	54.9175408146
-5.0	30.5576216997	55.5816757997	56.83530907	65.5224488919	54.2199313666
-5.0	31.0461165433	55.2295199744	54.9988668977	60.6355526782	55.7365939149
-5.0	31.1163138489	55.8357983411	55.6825935988	62.6810140324	54.1700662368
-5.0	30.7529227146	56.1965857905	55.9071614805	65.1306714128	54.0889545427
-5.0	31.682686748	54.084893423	53.9421255449	60.837836139	56.5389203959
-5.0	31.4059046623	55.9291412063	54.3519195675	61.0962607266	54.8535261094
-5.0	31.4880834868	56.0941707511	53.304944245	67.9704133498	54.7790733736
-5.0	32.6101756325	55.027931594	53.5038128974	65.4991702912	53.6691917884
-5.0	32.3637746499	53.9053958655	54.4943392144	72.2459057714	53.7185294604
-5.0	31.3889551712	56.5621724322	53.79764639	66.4512823729	54.2177854164
-5.0	31.403458182	55.7708511253	53.8630199977	75.8514593949	53.9812181081
-5.0	31.2978475958	56.9807732625	52.9201829529	70.3182063232	54.3844617448
-5.0	32.0942646309	56.0144707874	53.3453741517	68.0834202143	53.5986867486
-5.0	31.5028944011	56.5538899719	52.8572136436	66.3192776003	54.8577776133
-5.0	32.1873067437	56.0410293533	54.6426270291	65.2680063287	52.5001613098
-5.0	32.0306585413	56.1208214545	54.0252411411	67.5440788658	53.061615729
-5.0	31.3695625235	56.9223582964	55.2249234557	60.0337516091	53.253640598
-5.0	31.3037288089	57.6719635361	53.7731308974	56.3582015485	54.3098478905
-5.0	32.36669608	55.8867449593	52.7466180433	57.4204443391	54.7868015741
-5.0	31.5106587421	55.5371388837	54.45992821	57.8672271713	55.2618357198
-5.0	31.7051378542	54.866107803	54.8773406402	52.7004178644	55.6849225451
-5.0	31.6274370754	54.9119846656	55.3908781745	57.8707963583	54.8152534903
-5.0	31.733210251	56.3904192417	55.3688415116	60.9031433255	52.8417498794
-5.0	31.0878230041	55.6521482631	56.2317931498	56.7803899733	54.5064190257
-5.0	32.0986975722	55.6299250962	55.6814910311	60.207081811	52.6595120584
-5.0	31.5455227279	55.7125169835	56.2274179035	58.819074304	53.3306787652
-5.0	31.0363442681	56.1542863952	56.5724781995	56.4857329824	53.8300122916
-5.0	31.4906469594	54.8517292633	56.9312294265	55.0268310355	54.047120131
-5.0	31.4612052368	56.8972439385	55.7517288621	50.6748900746	53.5571776759
-5.0	30.8789252877	55.9180458816	54.1471819747	61.6155583883	56.0508494499
-5.0	31.140024178	56.2378815593	54.9249463482	59.1412637342	54.7564354877
-5.0	31.4621073508	54.5221856646	54.6547601882	62.4374697201	55.7413759655
-5.0	32.1269526281	54.9051983343	54.293684757	62.8471973747	54.3128270507
-5.0	31.9768184374	54.9158433626	54.1640054513	67.9750754694	54.2062734954
-5.0	31.5985568378	54.4475361317	55.9921906861	64.7030430369	54.1129209549
-5.0	31.3623517953	54.226960957	55.8187297711	62.9890465809	55.1333703104
-5.0	31.0825590063	55.0372005969	56.1849067717	56.7769620858	55.174465163
-5.0	31.3662545454	54.547804919	56.88105033	59.8789621445	54.1597340935
-5.0	31.2712363466	55.0439087953	56.7540612369	60.0864386641	53.94719823
-5.0	30.4175580654	56.0364078451	56.9297146433	56.1417216638	54.898457718
-5.0	30.7387899218	53.7818693764	58.1807145318	62.5323427913	54.7454915107
-5.0	31.236119676	57.3208170038	55.7283171178	61.0783091957	52.5645791351
-5.0	31.1193636254	58.0485493882	56.5533780452	56.5409204404	51.7814830291
-5.0	31.4871818253	56.0474128615	55.6725724903	56.7754767295	53.8162947326
-5.0	32.3667675223	54.8503259591	55.3622585972	57.2177998328	53.4892458716
-5.0	30.8072871979	55.9252812284	56.1616015198	54.8332939181	55.0523379593
-5.0	31.0075088396	57.1870082296	55.0041184821	61.7955802949	53.7355457477
-5.0	31.5778437512	54.7280338942	57.9100078255	55.4364500866	53.0744922225
-5.0	31.8842853619	54.6333707897	56.6853015191	57.2007072012	53.4821134018
-5.0	31.36963505	54.7097158771	58.9548922033	64.4776221741	51.6647485714
-5.0	31.7065392422	54.5151122316	58.2560942459	62.0692582617	52.0553685325
-5.0	31.2410274328	56.016979351	57.6928611906	53.5531848118	52.8430431655
-5.0	31.6794972478	55.7723621253	56.4445442521	53.7339311026	53.3160537404
-5.0	31.4272704985	56.0046468107	55.9566138092	63.380880748	53.0626059748
-5.0	31.7067037381	54.0974162609	57.2695833432	63.5074463191	53.2166989466
-5.0	32.4261745222	54.3399411887	55.2104672451	62.0538338229	53.5337615803
-5.0	32.176676439	55.2043637673	56.6387476753	58.1293902657	52.2753793527
-5.0	32.0328145079	55.4705071653	55.2378990561	61.1975260163	53.2508970803
-5.0	31.6045468344	54.3173308805	58.5938374256	62.4560052759	52.1143574637
-5.0	31.8213002846	55.0345106606	55.4511949781	57.6499858072	54.2726198734
-5.0	31.6050426373	56.0825804734	57.0875338814	59.7379617449	51.9756045898
-5.0	31.7265509044	56.1538728882	55.9676063787	59.589929257	52.6840973199
-5.0	31.7230502294	56.0168428595	57.1137351238	59.873919941	51.7682784601
-5.0	31.5541129635	55.4436328262	57.4504466635	58.8231959028	52.4812506851
-5.0	31.771617431	56.8472603377	55.4835177799	57.3970460918	52.555571626
-5.0	32.1504868144	55.8633747112	55.9809399812	63.4446366524	51.7291652578
-5.0	30.7887938249	58.2854326309	55.501707201	60.6708583068	52.739256135
-5.0	30.9582856219	57.3288503385	55.3293527972	69.510946741	52.6279395837
-5.0	31.052685364	55.7184927789	55.3951769427	55.9474121512	55.3465384224
-5.0	31.7768736535	55.7965038626	53.6466250794	60.6633320115	54.9223699142
-5.0	31.8399518373	54.4655006215	54.0312420483	60.7636950305	55.7709367595
-5.0	32.0898667785	54.9336652224	53.9989710324	62.1913884881	54.6892633334
-5.0	31.9373758754	56.5455214746	54.7515565873	63.5898699992	52.5653006528
-5.0	32.0731000718	54.7857120585	54.2711604368	62.1221041569	54.632726551
-5.0	31.3829647671	56.7716631396	52.9620501925	64.4270207151	54.974666306
-5.0	31.3628925495	57.1535623939	54.1667615726	65.9629525875	53.3951461143
-5.0	30.519852464	56.4161154408	55.2445789268	67.8459295087	54.6603173549
-5.0	31.4109222144	55.6404272541	55.1040560724	70.1575164265	53.5492332568
-5.0	31.9135542015	54.5687375951	53.6704989181	71.5890269401	54.7627492088
-5.0	31.926984738	55.9385795625	55.1118002648	63.6211712348	52.8655226602
-5.0	31.6357554208	55.8243552646	56.3050044432	55.9359366281	53.2568876658
-5.0	32.3822880416	55.0930120627	53.8925965773	61.8861073523	54.0713345216
-5.0	32.5626827796	54.3103915125	54.9287811753	61.3645004839	53.6128407241
-5.0	32.4497309031	53.8867095787	54.2853148137	59.9669364345	54.981131912
-5.0	31.6976834526	53.8503209944	54.3978371635	64.3797590275	55.9790857458
-5.0	31.527714487	55.4890895297	54.2726253587	64.909025308	54.7400954125
-5.0	31.9359152059	54.7941972378	53.9435949656	65.8396920678	54.8216296108
-5.0	31.8222886972	55.0361491421	53.3829979642	67.0407706496	55.1914212799
-5.0	32.1615277331	54.0756435687	54.6560012751	68.1698279658	54.2147803108
-5.0	32.1908598318	54.1159139397	54.0401830569	67.1323269395	54.7738093907
-5.0	31.3722596479	54.7862287433	53.9742490811	63.7239529933	56.1409204854
-5.0	31.2770338709	55.7995223829	55.4399584631	60.8493831021	54.2864223932
-5.0	31.2315494583	54.3539679691	54.781442766	63.0132031981	56.1992860084
-5.0	31.2221655254	54.1996667613	54.807787811	65.6592204114	56.0839369792
-5.0	31.2269405239	54.1792343789	54.9232351945	64.4831708603	56.1085681224
-5.0	31.9396111404	51.7326094833	56.4324641478	62.678732653	55.9519168748
-5.0	32.4214888986	52.9642947194	55.4789188825	60.1780181186	54.8647091692
