# Degree	Number_of_Sterols
0.0	0.0
0.1	4.25e-05
0.2	0.000129166666667
0.3	0.000200833333333
0.4	0.000295
0.5	0.000393333333333
0.6	0.000487916666667
0.7	0.00055625
0.8	0.000621666666667
0.9	0.000734583333333
1.0	0.000809583333333
1.1	0.000903333333333
1.2	0.000930416666667
1.3	0.00103541666667
1.4	0.001175
1.5	0.00120291666667
1.6	0.00130666666667
1.7	0.00139333333333
1.8	0.00146291666667
1.9	0.00158333333333
2.0	0.00164041666667
2.1	0.00171541666667
2.2	0.00180416666667
2.3	0.00184208333333
2.4	0.00192625
2.5	0.00197291666667
2.6	0.00210583333333
2.7	0.00218125
2.8	0.00221708333333
2.9	0.0023525
3.0	0.002455
3.1	0.00248375
3.2	0.00257791666667
3.3	0.00264041666667
3.4	0.00278416666667
3.5	0.00275833333333
3.6	0.00282208333333
3.7	0.00292916666667
3.8	0.0030175
3.9	0.00310208333333
4.0	0.00313625
4.1	0.00320708333333
4.2	0.00326125
4.3	0.00328
4.4	0.00344166666667
4.5	0.00345291666667
4.6	0.00348541666667
4.7	0.00362916666667
4.8	0.00371041666667
4.9	0.00371541666667
5.0	0.00384625
5.1	0.00382916666667
5.2	0.00382041666667
5.3	0.00399541666667
5.4	0.00405416666667
5.5	0.00410916666667
5.6	0.00412125
5.7	0.004175
5.8	0.00419291666667
5.9	0.00427958333333
6.0	0.00433208333333
6.1	0.00437666666667
6.2	0.004435
6.3	0.004445
6.4	0.00451833333333
6.5	0.00466875
6.6	0.00464
6.7	0.00454666666667
6.8	0.00468041666667
6.9	0.00481125
7.0	0.00482666666667
7.1	0.00477291666667
7.2	0.00476958333333
7.3	0.00480625
7.4	0.0048025
7.5	0.00489458333333
7.6	0.00498583333333
7.7	0.005005
7.8	0.00500583333333
7.9	0.00501666666667
8.0	0.00516416666667
8.1	0.00507583333333
8.2	0.00510625
8.3	0.00523375
8.4	0.00515875
8.5	0.00518
8.6	0.00520083333333
8.7	0.00523541666667
8.8	0.0052525
8.9	0.00525083333333
9.0	0.005345
9.1	0.00535875
9.2	0.00533916666667
9.3	0.005375
9.4	0.0053575
9.5	0.00534541666667
9.6	0.00541666666667
9.7	0.00534166666667
9.8	0.00549916666667
9.9	0.0053625
10.0	0.0053575
10.1	0.005405
10.2	0.00534125
10.3	0.00538916666667
10.4	0.00550083333333
10.5	0.0053975
10.6	0.00537666666667
10.7	0.00537416666667
10.8	0.00543125
10.9	0.00544875
11.0	0.00533583333333
11.1	0.00540166666667
11.2	0.00535625
11.3	0.00532666666667
11.4	0.00542541666667
11.5	0.00542958333333
11.6	0.0053575
11.7	0.00537291666667
11.8	0.005385
11.9	0.00534041666667
12.0	0.0053475
12.1	0.00530833333333
12.2	0.00526875
12.3	0.0053575
12.4	0.00531708333333
12.5	0.00525166666667
12.6	0.00514375
12.7	0.00519625
12.8	0.00521875
12.9	0.00517791666667
13.0	0.00516666666667
13.1	0.00511166666667
13.2	0.00516083333333
13.3	0.00507666666667
13.4	0.00507791666667
13.5	0.00507541666667
13.6	0.00513166666667
13.7	0.00498791666667
13.8	0.00502458333333
13.9	0.00499416666667
14.0	0.00499708333333
14.1	0.00493375
14.2	0.00482125
14.3	0.00483541666667
14.4	0.00486
14.5	0.004815
14.6	0.00472208333333
14.7	0.00474791666667
14.8	0.00471625
14.9	0.00469583333333
15.0	0.00463916666667
15.1	0.00463208333333
15.2	0.00465291666667
15.3	0.0046075
15.4	0.00453833333333
15.5	0.00443416666667
15.6	0.00455708333333
15.7	0.00457291666667
15.8	0.0044
15.9	0.00444708333333
16.0	0.00438458333333
16.1	0.00434125
16.2	0.00431458333333
16.3	0.00425625
16.4	0.00424416666667
16.5	0.00418666666667
16.6	0.0041225
16.7	0.00417291666667
16.8	0.00410125
16.9	0.00410333333333
17.0	0.00405333333333
17.1	0.00402666666667
17.2	0.00400833333333
17.3	0.0039325
17.4	0.00390333333333
17.5	0.00390375
17.6	0.003895
17.7	0.0038225
17.8	0.00378541666667
17.9	0.0037075
18.0	0.00371791666667
18.1	0.00362208333333
18.2	0.00366541666667
18.3	0.003635
18.4	0.0035875
18.5	0.0035
18.6	0.00350333333333
18.7	0.00347166666667
18.8	0.0034425
18.9	0.00342
19.0	0.00336583333333
19.1	0.00332083333333
19.2	0.00326833333333
19.3	0.00333625
19.4	0.0032725
19.5	0.00321083333333
19.6	0.00314416666667
19.7	0.00319291666667
19.8	0.00308625
19.9	0.00304416666667
20.0	0.00305041666667
20.1	0.00303791666667
20.2	0.00295625
20.3	0.00292625
20.4	0.00295916666667
20.5	0.00286416666667
20.6	0.00280083333333
20.7	0.00286125
20.8	0.00274375
20.9	0.00279083333333
21.0	0.0027075
21.1	0.00268833333333
21.2	0.0026075
21.3	0.00256916666667
21.4	0.00249083333333
21.5	0.00250125
21.6	0.00250958333333
21.7	0.00244583333333
21.8	0.00250583333333
21.9	0.00242666666667
22.0	0.00233833333333
22.1	0.00235375
22.2	0.00233
22.3	0.00229
22.4	0.00228208333333
22.5	0.00224958333333
22.6	0.00220791666667
22.7	0.00214375
22.8	0.00211666666667
22.9	0.00211541666667
23.0	0.00208833333333
23.1	0.00205833333333
23.2	0.00205416666667
23.3	0.00196166666667
23.4	0.00201208333333
23.5	0.00198625
23.6	0.00190833333333
23.7	0.00192125
23.8	0.00186125
23.9	0.00184625
24.0	0.00187875
24.1	0.00177041666667
24.2	0.0018075
24.3	0.00176125
24.4	0.00175166666667
24.5	0.00169666666667
24.6	0.00174
24.7	0.00168916666667
24.8	0.00165375
24.9	0.00158666666667
25.0	0.00156833333333
25.1	0.00157791666667
25.2	0.00153083333333
25.3	0.00152833333333
25.4	0.00150625
25.5	0.00143208333333
25.6	0.00147041666667
25.7	0.00143625
25.8	0.00139041666667
25.9	0.0014025
26.0	0.0013725
26.1	0.00131875
26.2	0.00138875
26.3	0.00132583333333
26.4	0.00124583333333
26.5	0.00126416666667
26.6	0.00124875
26.7	0.001245
26.8	0.00116416666667
26.9	0.0011925
27.0	0.00117333333333
27.1	0.00115
27.2	0.00113875
27.3	0.00113958333333
27.4	0.00112333333333
27.5	0.00107875
27.6	0.00107
27.7	0.00104333333333
27.8	0.00101916666667
27.9	0.00103833333333
28.0	0.00100083333333
28.1	0.000987916666667
28.2	0.0009625
28.3	0.00097125
28.4	0.00090125
28.5	0.00091375
28.6	0.0008875
28.7	0.000892083333333
28.8	0.000890833333333
28.9	0.000890833333333
29.0	0.000851666666667
29.1	0.0008425
29.2	0.000829583333333
29.3	0.000850833333333
29.4	0.000819166666667
29.5	0.000795833333333
29.6	0.000762083333333
29.7	0.000753333333333
29.8	0.000720416666667
29.9	0.000738333333333
30.0	0.0007175
30.1	0.00072
30.2	0.000699583333333
30.3	0.000692916666667
30.4	0.000670416666667
30.5	0.0006625
30.6	0.000630833333333
30.7	0.0006325
30.8	0.000632083333333
30.9	0.000607916666667
31.0	0.000586666666667
31.1	0.000594166666667
31.2	0.000610833333333
31.3	0.000581666666667
31.4	0.000565
31.5	0.000535416666667
31.6	0.000534166666667
31.7	0.000524583333333
31.8	0.0005625
31.9	0.000519166666667
32.0	0.000515
32.1	0.000506666666667
32.2	0.000516666666667
32.3	0.000486666666667
32.4	0.0004825
32.5	0.000450416666667
32.6	0.000487083333333
32.7	0.000445833333333
32.8	0.0004525
32.9	0.00044
33.0	0.000428333333333
33.1	0.000405
33.2	0.000402083333333
33.3	0.000409166666667
33.4	0.000402916666667
33.5	0.000393333333333
33.6	0.0003775
33.7	0.000364583333333
33.8	0.000363333333333
33.9	0.00038
34.0	0.000351666666667
34.1	0.000344583333333
34.2	0.0003475
34.3	0.0003375
34.4	0.000335416666667
34.5	0.000330833333333
34.6	0.0003275
34.7	0.000315833333333
34.8	0.000303333333333
34.9	0.000321666666667
35.0	0.000302916666667
35.1	0.000288333333333
35.2	0.00029125
35.3	0.000275833333333
35.4	0.000272916666667
35.5	0.00028375
35.6	0.000262916666667
35.7	0.000272083333333
35.8	0.000266666666667
35.9	0.000257083333333
36.0	0.000232083333333
36.1	0.000247916666667
36.2	0.00024375
36.3	0.000233333333333
36.4	0.000246666666667
36.5	0.000225
36.6	0.000223333333333
36.7	0.0002175
36.8	0.000199166666667
36.9	0.0002225
37.0	0.0002
37.1	0.000195833333333
37.2	0.000194583333333
37.3	0.000198333333333
37.4	0.000199166666667
37.5	0.0001875
37.6	0.000175833333333
37.7	0.000186666666667
37.8	0.000175
37.9	0.00018
38.0	0.00017
38.1	0.000167083333333
38.2	0.00016
38.3	0.000162083333333
38.4	0.000148333333333
38.5	0.000145
38.6	0.000147083333333
38.7	0.000145
38.8	0.000145
38.9	0.000152083333333
39.0	0.000125416666667
39.1	0.000135416666667
39.2	0.00014375
39.3	0.000123333333333
39.4	0.000114583333333
39.5	0.000132916666667
39.6	0.00011875
39.7	0.000132083333333
39.8	0.00011125
39.9	0.000114166666667
40.0	0.000104583333333
40.1	9.79166666667e-05
40.2	0.00012125
40.3	0.000104166666667
40.4	9.33333333333e-05
40.5	0.00010375
40.6	9.625e-05
40.7	8.91666666667e-05
40.8	9.70833333333e-05
40.9	8.04166666667e-05
41.0	0.000104583333333
41.1	0.0001
41.2	7.91666666667e-05
41.3	8.83333333333e-05
41.4	8.54166666667e-05
41.5	7.08333333333e-05
41.6	8.875e-05
41.7	7.45833333333e-05
41.8	8.08333333333e-05
41.9	7.20833333333e-05
42.0	7.20833333333e-05
42.1	7.58333333333e-05
42.2	7.375e-05
42.3	7.375e-05
42.4	6.5e-05
42.5	6.95833333333e-05
42.6	6.54166666667e-05
42.7	7.20833333333e-05
42.8	5.66666666667e-05
42.9	6.125e-05
43.0	6.125e-05
43.1	5.625e-05
43.2	5.79166666667e-05
43.3	6.04166666667e-05
43.4	5.375e-05
43.5	5.16666666667e-05
43.6	5.5e-05
43.7	4.29166666667e-05
43.8	5.45833333333e-05
43.9	5.125e-05
44.0	5.29166666667e-05
44.1	4.79166666667e-05
44.2	3.70833333333e-05
44.3	4.33333333333e-05
44.4	4.16666666667e-05
44.5	3.58333333333e-05
44.6	3.125e-05
44.7	4.20833333333e-05
44.8	3.79166666667e-05
44.9	3.29166666667e-05
45.0	3.125e-05
45.1	3.08333333333e-05
45.2	3.04166666667e-05
45.3	3.41666666667e-05
45.4	2.91666666667e-05
45.5	3e-05
45.6	3.125e-05
45.7	3.66666666667e-05
45.8	3.04166666667e-05
45.9	3.04166666667e-05
46.0	2.875e-05
46.1	2.375e-05
46.2	2.83333333333e-05
46.3	2.83333333333e-05
46.4	2.5e-05
46.5	2.66666666667e-05
46.6	2.5e-05
46.7	2.25e-05
46.8	2.95833333333e-05
46.9	1.91666666667e-05
47.0	3e-05
47.1	2.5e-05
47.2	2.29166666667e-05
47.3	2e-05
47.4	2.08333333333e-05
47.5	2.45833333333e-05
47.6	1.45833333333e-05
47.7	1.04166666667e-05
47.8	1.95833333333e-05
47.9	1.83333333333e-05
48.0	1.95833333333e-05
48.1	1.45833333333e-05
48.2	1.91666666667e-05
48.3	2.04166666667e-05
48.4	1.70833333333e-05
48.5	1.54166666667e-05
48.6	1.5e-05
48.7	1.70833333333e-05
48.8	1.79166666667e-05
48.9	1.29166666667e-05
49.0	1.625e-05
49.1	1.16666666667e-05
49.2	9.16666666667e-06
49.3	1.375e-05
49.4	7.91666666667e-06
49.5	1.29166666667e-05
49.6	1.25e-05
49.7	1.33333333333e-05
49.8	1.25e-05
49.9	1.25e-05
50.0	1e-05
50.1	1.33333333333e-05
50.2	7.91666666667e-06
50.3	1e-05
50.4	1.125e-05
50.5	1.20833333333e-05
50.6	7.91666666667e-06
50.7	1.04166666667e-05
50.8	7.91666666667e-06
50.9	1.04166666667e-05
51.0	1.08333333333e-05
51.1	1.04166666667e-05
51.2	1.16666666667e-05
51.3	8.33333333333e-06
51.4	9.16666666667e-06
51.5	1.04166666667e-05
51.6	7.5e-06
51.7	8.33333333333e-06
51.8	9.58333333333e-06
51.9	4.16666666667e-06
52.0	6.66666666667e-06
52.1	5.41666666667e-06
52.2	5.41666666667e-06
52.3	5.41666666667e-06
52.4	3.75e-06
52.5	6.66666666667e-06
52.6	8.75e-06
52.7	3.33333333333e-06
52.8	6.25e-06
52.9	5e-06
53.0	7.08333333333e-06
53.1	5.83333333333e-06
53.2	6.25e-06
53.3	5.41666666667e-06
53.4	5e-06
53.5	6.66666666667e-06
53.6	7.08333333333e-06
53.7	3.75e-06
53.8	5e-06
53.9	5e-06
54.0	3.33333333333e-06
54.1	5.41666666667e-06
54.2	3.75e-06
54.3	3.75e-06
54.4	3.75e-06
54.5	5.83333333333e-06
54.6	4.16666666667e-06
54.7	5.83333333333e-06
54.8	2.5e-06
54.9	1.66666666667e-06
55.0	2.08333333333e-06
55.1	4.58333333333e-06
55.2	7.08333333333e-06
55.3	1.66666666667e-06
55.4	4.16666666667e-06
55.5	3.75e-06
55.6	4.16666666667e-06
55.7	2.5e-06
55.8	3.75e-06
55.9	1.66666666667e-06
56.0	2.91666666667e-06
56.1	3.33333333333e-06
56.2	4.58333333333e-06
56.3	3.33333333333e-06
56.4	4.16666666667e-06
56.5	5.41666666667e-06
56.6	2.91666666667e-06
56.7	2.5e-06
56.8	3.75e-06
56.9	1.25e-06
57.0	2.08333333333e-06
57.1	1.25e-06
57.2	2.08333333333e-06
57.3	1.25e-06
57.4	3.33333333333e-06
57.5	1.66666666667e-06
57.6	2.08333333333e-06
57.7	2.91666666667e-06
57.8	2.08333333333e-06
57.9	3.33333333333e-06
58.0	8.33333333333e-07
58.1	4.16666666667e-06
58.2	4.16666666667e-07
58.3	1.25e-06
58.4	1.66666666667e-06
58.5	2.5e-06
58.6	2.08333333333e-06
58.7	2.08333333333e-06
58.8	1.66666666667e-06
58.9	3.33333333333e-06
59.0	8.33333333333e-07
59.1	2.08333333333e-06
59.2	8.33333333333e-07
59.3	2.08333333333e-06
59.4	1.66666666667e-06
59.5	1.25e-06
59.6	8.33333333333e-07
59.7	2.08333333333e-06
59.8	0.0
59.9	1.25e-06
60.0	1.66666666667e-06
60.1	1.66666666667e-06
60.2	8.33333333333e-07
60.3	1.25e-06
60.4	0.0
60.5	8.33333333333e-07
60.6	0.0
60.7	1.25e-06
60.8	8.33333333333e-07
60.9	2.5e-06
61.0	8.33333333333e-07
61.1	8.33333333333e-07
61.2	1.25e-06
61.3	1.25e-06
61.4	1.66666666667e-06
61.5	1.25e-06
61.6	4.16666666667e-07
61.7	0.0
61.8	4.16666666667e-07
61.9	1.25e-06
62.0	4.16666666667e-07
62.1	8.33333333333e-07
62.2	8.33333333333e-07
62.3	4.16666666667e-07
62.4	4.16666666667e-07
62.5	8.33333333333e-07
62.6	1.25e-06
62.7	4.16666666667e-07
62.8	4.16666666667e-07
62.9	0.0
63.0	0.0
63.1	4.16666666667e-07
63.2	1.25e-06
63.3	8.33333333333e-07
63.4	8.33333333333e-07
63.5	4.16666666667e-07
63.6	0.0
63.7	0.0
63.8	4.16666666667e-07
63.9	0.0
64.0	0.0
64.1	0.0
64.2	4.16666666667e-07
64.3	8.33333333333e-07
64.4	0.0
64.5	1.66666666667e-06
64.6	4.16666666667e-07
64.7	4.16666666667e-07
64.8	8.33333333333e-07
64.9	8.33333333333e-07
65.0	1.25e-06
65.1	1.25e-06
65.2	0.0
65.3	0.0
65.4	4.16666666667e-07
65.5	8.33333333333e-07
65.6	4.16666666667e-07
65.7	0.0
65.8	4.16666666667e-07
65.9	8.33333333333e-07
66.0	0.0
66.1	0.0
66.2	4.16666666667e-07
66.3	4.16666666667e-07
66.4	8.33333333333e-07
66.5	4.16666666667e-07
66.6	0.0
66.7	8.33333333333e-07
66.8	4.16666666667e-07
66.9	8.33333333333e-07
67.0	1.25e-06
67.1	1.25e-06
67.2	4.16666666667e-07
67.3	4.16666666667e-07
67.4	8.33333333333e-07
67.5	4.16666666667e-07
67.6	4.16666666667e-07
67.7	4.16666666667e-07
67.8	0.0
67.9	0.0
68.0	4.16666666667e-07
68.1	4.16666666667e-07
68.2	0.0
68.3	4.16666666667e-07
68.4	0.0
68.5	0.0
68.6	0.0
68.7	0.0
68.8	8.33333333333e-07
68.9	8.33333333333e-07
69.0	0.0
69.1	4.16666666667e-07
69.2	0.0
69.3	0.0
69.4	4.16666666667e-07
69.5	4.16666666667e-07
69.6	4.16666666667e-07
69.7	0.0
69.8	0.0
69.9	4.16666666667e-07
70.0	0.0
70.1	0.0
70.2	0.0
70.3	8.33333333333e-07
70.4	0.0
70.5	0.0
70.6	8.33333333333e-07
70.7	0.0
70.8	4.16666666667e-07
70.9	8.33333333333e-07
71.0	8.33333333333e-07
71.1	0.0
71.2	4.16666666667e-07
71.3	0.0
71.4	4.16666666667e-07
71.5	0.0
71.6	0.0
71.7	4.16666666667e-07
71.8	4.16666666667e-07
71.9	0.0
72.0	4.16666666667e-07
72.1	0.0
72.2	0.0
72.3	0.0
72.4	4.16666666667e-07
72.5	4.16666666667e-07
72.6	0.0
72.7	0.0
72.8	4.16666666667e-07
72.9	0.0
73.0	0.0
73.1	0.0
73.2	0.0
73.3	0.0
73.4	0.0
73.5	0.0
73.6	0.0
73.7	0.0
73.8	0.0
73.9	0.0
74.0	0.0
74.1	0.0
74.2	0.0
74.3	8.33333333333e-07
74.4	0.0
74.5	0.0
74.6	0.0
74.7	0.0
74.8	0.0
74.9	0.0
75.0	0.0
75.1	0.0
75.2	0.0
75.3	0.0
75.4	0.0
75.5	0.0
75.6	0.0
75.7	0.0
75.8	0.0
75.9	0.0
76.0	0.0
76.1	0.0
76.2	0.0
76.3	0.0
76.4	0.0
76.5	8.33333333333e-07
76.6	0.0
76.7	0.0
76.8	0.0
76.9	0.0
77.0	0.0
77.1	0.0
77.2	0.0
77.3	0.0
77.4	0.0
77.5	0.0
77.6	0.0
77.7	0.0
77.8	0.0
77.9	0.0
78.0	0.0
78.1	0.0
78.2	0.0
78.3	0.0
78.4	0.0
78.5	0.0
78.6	0.0
78.7	0.0
78.8	0.0
78.9	0.0
79.0	0.0
79.1	0.0
79.2	0.0
79.3	0.0
79.4	0.0
79.5	0.0
79.6	0.0
79.7	0.0
79.8	0.0
79.9	0.0
80.0	0.0
80.1	0.0
80.2	0.0
80.3	0.0
80.4	0.0
80.5	0.0
80.6	0.0
80.7	0.0
80.8	0.0
80.9	0.0
81.0	0.0
81.1	0.0
81.2	0.0
81.3	0.0
81.4	0.0
81.5	0.0
81.6	0.0
81.7	0.0
81.8	0.0
81.9	0.0
82.0	0.0
82.1	0.0
82.2	0.0
82.3	0.0
82.4	0.0
82.5	0.0
82.6	0.0
82.7	0.0
82.8	0.0
82.9	0.0
83.0	0.0
83.1	0.0
83.2	0.0
83.3	0.0
83.4	0.0
83.5	0.0
83.6	0.0
83.7	0.0
83.8	0.0
83.9	0.0
84.0	0.0
84.1	0.0
84.2	0.0
84.3	0.0
84.4	0.0
84.5	0.0
84.6	0.0
84.7	0.0
84.8	0.0
84.9	0.0
85.0	0.0
85.1	0.0
85.2	0.0
85.3	0.0
85.4	0.0
85.5	0.0
85.6	0.0
85.7	0.0
85.8	0.0
85.9	0.0
86.0	0.0
86.1	0.0
86.2	0.0
86.3	0.0
86.4	0.0
86.5	0.0
86.6	0.0
86.7	0.0
86.8	0.0
86.9	0.0
87.0	0.0
87.1	0.0
87.2	0.0
87.3	0.0
87.4	0.0
87.5	0.0
87.6	0.0
87.7	0.0
87.8	0.0
87.9	0.0
88.0	0.0
88.1	0.0
88.2	0.0
88.3	0.0
88.4	0.0
88.5	0.0
88.6	0.0
88.7	0.0
88.8	0.0
88.9	0.0
89.0	0.0
89.1	0.0
89.2	0.0
89.3	0.0
89.4	0.0
89.5	0.0
89.6	0.0
89.7	0.0
89.8	0.0
89.9	0.0
90.0	0.0
