# Degree	Number_of_Sterols
0.0	0.0
0.1	3.94981412639e-05
0.2	0.000116171003717
0.3	0.000211431226766
0.4	0.000327602230483
0.5	0.000327602230483
0.6	0.000485594795539
0.7	0.000515799256506
0.8	0.00060873605948
0.9	0.000580855018587
1.0	0.000738847583643
1.1	0.000859665427509
1.2	0.000859665427509
1.3	0.000940985130112
1.4	0.00105483271375
1.5	0.00112453531599
1.6	0.00117100371747
1.7	0.00128949814126
1.8	0.0014312267658
1.9	0.00141728624535
2.0	0.00145446096654
2.1	0.0016217472119
2.2	0.00163568773234
2.3	0.00170539033457
2.4	0.00177741635688
2.5	0.00179135687732
2.6	0.00201905204461
2.7	0.00209340148699
2.8	0.00209572490706
2.9	0.00209572490706
3.0	0.00215381040892
3.1	0.00237918215613
3.2	0.00243262081784
3.3	0.00247676579926
3.4	0.00263708178439
3.5	0.00261849442379
3.6	0.00266496282528
3.7	0.00279739776952
3.8	0.00277881040892
3.9	0.00282295539033
4.0	0.00286710037175
4.1	0.00279739776952
4.2	0.00294609665428
4.3	0.00309944237918
4.4	0.0032156133829
4.5	0.00321096654275
4.6	0.00332016728625
4.7	0.00347351301115
4.8	0.00357109665428
4.9	0.00351068773234
5.0	0.00351765799257
5.1	0.00366403345725
5.2	0.00359665427509
5.3	0.0038313197026
5.4	0.0038499070632
5.5	0.00382434944238
5.6	0.00375697026022
5.7	0.00395910780669
5.8	0.00385687732342
5.9	0.00403578066914
6.0	0.00416821561338
6.1	0.00418680297398
6.2	0.00416821561338
6.3	0.00409851301115
6.4	0.00434711895911
6.5	0.00431691449814
6.6	0.00440752788104
6.7	0.00444934944238
6.8	0.00440288104089
6.9	0.00444934944238
7.0	0.0045469330855
7.1	0.00445167286245
7.2	0.00464219330855
7.3	0.00470260223048
7.4	0.00468401486989
7.5	0.00458643122677
7.6	0.00450278810409
7.7	0.00488615241636
7.8	0.00483039033457
7.9	0.00459572490706
8.0	0.00510455390335
8.1	0.00489312267658
8.2	0.00500697026022
8.3	0.00475836431227
8.4	0.00487918215613
8.5	0.00486756505576
8.6	0.00504879182156
8.7	0.00495353159851
8.8	0.00504646840149
8.9	0.00504879182156
9.0	0.00511384758364
9.1	0.00497676579926
9.2	0.00501858736059
9.3	0.00507899628253
9.4	0.00523698884758
9.5	0.00514172862454
9.6	0.00526719330855
9.7	0.00517425650558
9.8	0.00492100371747
9.9	0.00523234200743
10.0	0.0051719330855
10.1	0.00516960966543
10.2	0.00508596654275
10.3	0.00520678438662
10.4	0.00518587360595
10.5	0.00507434944238
10.6	0.00549488847584
10.7	0.00506273234201
10.8	0.00529972118959
10.9	0.00528345724907
11.0	0.00510223048327
11.1	0.00521375464684
11.2	0.00532992565056
11.3	0.00516728624535
11.4	0.00519284386617
11.5	0.00529739776952
11.6	0.00510455390335
11.7	0.00507899628253
11.8	0.00538104089219
11.9	0.00525557620818
12.0	0.00538801115242
12.1	0.00504414498141
12.2	0.00521143122677
12.3	0.00503252788104
12.4	0.00518587360595
12.5	0.00519284386617
12.6	0.00484433085502
12.7	0.0049186802974
12.8	0.00513475836431
12.9	0.00489312267658
13.0	0.00508596654275
13.1	0.00501394052045
13.2	0.00492332713755
13.3	0.00518819702602
13.4	0.00516728624535
13.5	0.00507899628253
13.6	0.00486291821561
13.7	0.00492332713755
13.8	0.00496282527881
13.9	0.00491171003717
14.0	0.00480018587361
14.1	0.00466078066914
14.2	0.0048094795539
14.3	0.00478624535316
14.4	0.00478392193309
14.5	0.00474442379182
14.6	0.0047374535316
14.7	0.00477695167286
14.8	0.00464219330855
14.9	0.00462128252788
15.0	0.00473977695167
15.1	0.00462360594796
15.2	0.00465381040892
15.3	0.00446096654275
15.4	0.0044749070632
15.5	0.00443076208178
15.6	0.00447955390335
15.7	0.00451905204461
15.8	0.00441682156134
15.9	0.00437035315985
16.0	0.00425418215613
16.1	0.0042750929368
16.2	0.00431226765799
16.3	0.00443308550186
16.4	0.0042843866171
16.5	0.00407760223048
16.6	0.00425882899628
16.7	0.00413568773234
16.8	0.00404275092937
16.9	0.0042123605948
17.0	0.00400789962825
17.1	0.00409154275093
17.2	0.00397304832714
17.3	0.0038220260223
17.4	0.00398931226766
17.5	0.00407527881041
17.6	0.00396840148699
17.7	0.00386617100372
17.8	0.00396607806691
17.9	0.00376161710037
18.0	0.00375
18.1	0.00383364312268
18.2	0.00364776951673
18.3	0.00374535315985
18.4	0.00358271375465
18.5	0.00357342007435
18.6	0.00377091078067
18.7	0.00373605947955
18.8	0.00359665427509
18.9	0.00353856877323
19.0	0.00339916356877
19.1	0.00342472118959
19.2	0.00340845724907
19.3	0.00348513011152
19.4	0.00342472118959
19.5	0.00338289962825
19.6	0.00329925650558
19.7	0.00329925650558
19.8	0.0032156133829
19.9	0.00306226765799
20.0	0.00305762081784
20.1	0.00320167286245
20.2	0.0031342936803
20.3	0.0030250929368
20.4	0.00297630111524
20.5	0.00295539033457
20.6	0.00297165427509
20.7	0.00289498141264
20.8	0.00288104089219
20.9	0.00289033457249
21.0	0.0026719330855
21.1	0.00282063197026
21.2	0.00289962825279
21.3	0.00288104089219
21.4	0.00263243494424
21.5	0.00272537174721
21.6	0.00262314126394
21.7	0.00256737918216
21.8	0.0026719330855
21.9	0.00263011152416
22.0	0.00264172862454
22.1	0.00250464684015
22.2	0.00243262081784
22.3	0.00251161710037
22.4	0.00241403345725
22.5	0.00239544609665
22.6	0.00237453531599
22.7	0.00228856877323
22.8	0.00229089219331
22.9	0.00235362453532
23.0	0.00227462825279
23.1	0.00226533457249
23.2	0.0020376394052
23.3	0.00217472118959
23.4	0.00220724907063
23.5	0.00206319702602
23.6	0.00212128252788
23.7	0.00197955390335
23.8	0.00196328996283
23.9	0.00206319702602
24.0	0.00196793680297
24.1	0.00206087360595
24.2	0.00195167286245
24.3	0.00194237918216
24.4	0.00174721189591
24.5	0.00195864312268
24.6	0.00174024163569
24.7	0.00184944237918
24.8	0.00187732342007
24.9	0.00163568773234
25.0	0.00168680297398
25.1	0.00176812267658
25.2	0.00172397769517
25.3	0.00161013011152
25.4	0.00171468401487
25.5	0.00150789962825
25.6	0.00171468401487
25.7	0.00161013011152
25.8	0.00158457249071
25.9	0.00147304832714
26.0	0.00155669144981
26.1	0.00140799256506
26.2	0.00137546468401
26.3	0.00149860594796
26.4	0.00149163568773
26.5	0.00144981412639
26.6	0.00133596654275
26.7	0.00128717472119
26.8	0.00140102230483
26.9	0.00128020446097
27.0	0.00125697026022
27.1	0.00126394052045
27.2	0.00123605947955
27.3	0.00129182156134
27.4	0.00121050185874
27.5	0.00122444237918
27.6	0.00113150557621
27.7	0.00110130111524
27.8	0.00119656133829
27.9	0.00111988847584
28.0	0.0010687732342
28.1	0.00111988847584
28.2	0.00117332713755
28.3	0.00103392193309
28.4	0.00108968401487
28.5	0.00105250929368
28.6	0.000992100371747
28.7	0.00108039033457
28.8	0.00105483271375
28.9	0.000975836431227
29.0	0.000959572490706
29.1	0.000834107806691
29.2	0.00092936802974
29.3	0.000908457249071
29.4	0.000906133828996
29.5	0.000859665427509
29.6	0.00087592936803
29.7	0.000901486988848
29.8	0.000866635687732
29.9	0.000782992565056
30.0	0.000806226765799
30.1	0.000829460966543
30.2	0.000755111524164
30.3	0.000738847583643
30.4	0.000759758364312
30.5	0.000755111524164
30.6	0.000803903345725
30.7	0.000697026022305
30.8	0.000820167286245
30.9	0.000680762081784
31.0	0.000736524163569
31.1	0.000748141263941
31.2	0.000611059479554
31.3	0.000657527881041
31.4	0.00066217472119
31.5	0.000631970260223
31.6	0.000618029739777
31.7	0.000690055762082
31.8	0.000557620817844
31.9	0.000629646840149
32.0	0.000550650557621
32.1	0.000525092936803
32.2	0.000536710037175
32.3	0.000511152416357
32.4	0.000597118959108
32.5	0.00055529739777
32.6	0.000476301115242
32.7	0.000501858736059
32.8	0.000494888475836
32.9	0.000527416356877
33.0	0.000520446096654
33.1	0.000490241635688
33.2	0.000432156133829
33.3	0.000478624535316
33.4	0.000450743494424
33.5	0.000471654275093
33.6	0.00042750929368
33.7	0.000443773234201
33.8	0.000448420074349
33.9	0.000425185873606
34.0	0.000404275092937
34.1	0.000381040892193
34.2	0.000420539033457
34.3	0.000376394052045
34.4	0.000369423791822
34.5	0.000378717472119
34.6	0.000404275092937
34.7	0.000399628252788
34.8	0.000313661710037
34.9	0.000315985130112
35.0	0.000362453531599
35.1	0.000269516728625
35.2	0.000315985130112
35.3	0.000371747211896
35.4	0.000329925650558
35.5	0.000325278810409
35.6	0.000350836431227
35.7	0.000297397769517
35.8	0.000341542750929
35.9	0.000276486988848
36.0	0.000269516728625
36.1	0.000262546468401
36.2	0.000276486988848
36.3	0.000278810408922
36.4	0.000313661710037
36.5	0.000253252788104
36.6	0.000239312267658
36.7	0.000274163568773
36.8	0.000276486988848
36.9	0.000288104089219
37.0	0.000204460966543
37.1	0.000262546468401
37.2	0.000216078066914
37.3	0.000211431226766
37.4	0.000211431226766
37.5	0.00025092936803
37.6	0.000257899628253
37.7	0.000216078066914
37.8	0.000236988847584
37.9	0.000216078066914
38.0	0.00019749070632
38.1	0.000223048327138
38.2	0.000239312267658
38.3	0.00019749070632
38.4	0.000162639405204
38.5	0.000162639405204
38.6	0.000183550185874
38.7	0.000206784386617
38.8	0.000148698884758
38.9	0.000137081784387
39.0	0.000188197026022
39.1	0.000204460966543
39.2	0.000190520446097
39.3	0.000157992565056
39.4	0.000162639405204
39.5	0.000102230483271
39.6	0.000192843866171
39.7	0.000164962825279
39.8	0.000132434944238
39.9	0.000153345724907
40.0	0.000167286245353
40.1	0.000155669144981
40.2	0.000118494423792
40.3	0.000146375464684
40.4	0.000134758364312
40.5	0.000113847583643
40.6	0.00014405204461
40.7	0.000123141263941
40.8	0.000153345724907
40.9	9.9907063197e-05
41.0	9.75836431227e-05
41.1	0.000139405204461
41.2	0.000123141263941
41.3	0.000146375464684
41.4	0.00010687732342
41.5	0.000134758364312
41.6	0.000125464684015
41.7	0.000109200743494
41.8	0.000109200743494
41.9	0.000109200743494
42.0	0.000127788104089
42.1	0.000116171003717
42.2	9.52602230483e-05
42.3	9.52602230483e-05
42.4	0.000104553903346
42.5	0.000120817843866
42.6	9.52602230483e-05
42.7	9.06133828996e-05
42.8	0.000104553903346
42.9	0.000116171003717
43.0	0.00010687732342
43.1	9.2936802974e-05
43.2	9.52602230483e-05
43.3	9.06133828996e-05
43.4	8.36431226766e-05
43.5	7.43494423792e-05
43.6	6.50557620818e-05
43.7	0.000116171003717
43.8	7.43494423792e-05
43.9	8.82899628253e-05
44.0	6.04089219331e-05
44.1	7.20260223048e-05
44.2	9.2936802974e-05
44.3	7.66728624535e-05
44.4	8.36431226766e-05
44.5	7.89962825279e-05
44.6	6.04089219331e-05
44.7	5.80855018587e-05
44.8	5.343866171e-05
44.9	5.80855018587e-05
45.0	6.73791821561e-05
45.1	8.82899628253e-05
45.2	6.73791821561e-05
45.3	6.73791821561e-05
45.4	5.80855018587e-05
45.5	4.87918215613e-05
45.6	6.04089219331e-05
45.7	2.78810408922e-05
45.8	6.27323420074e-05
45.9	4.87918215613e-05
46.0	5.57620817844e-05
46.1	6.73791821561e-05
46.2	6.73791821561e-05
46.3	6.50557620818e-05
46.4	5.57620817844e-05
46.5	4.41449814126e-05
46.6	5.57620817844e-05
46.7	5.11152416357e-05
46.8	3.02044609665e-05
46.9	3.94981412639e-05
47.0	5.11152416357e-05
47.1	3.71747211896e-05
47.2	5.80855018587e-05
47.3	3.02044609665e-05
47.4	4.6468401487e-05
47.5	6.50557620818e-05
47.6	5.11152416357e-05
47.7	5.11152416357e-05
47.8	4.18215613383e-05
47.9	6.04089219331e-05
48.0	3.94981412639e-05
48.1	3.71747211896e-05
48.2	4.18215613383e-05
48.3	2.55576208178e-05
48.4	3.71747211896e-05
48.5	3.48513011152e-05
48.6	4.6468401487e-05
48.7	2.78810408922e-05
48.8	3.48513011152e-05
48.9	2.78810408922e-05
49.0	3.02044609665e-05
49.1	3.71747211896e-05
49.2	1.85873605948e-05
49.3	5.343866171e-05
49.4	3.71747211896e-05
49.5	4.18215613383e-05
49.6	2.55576208178e-05
49.7	3.02044609665e-05
49.8	2.55576208178e-05
49.9	3.25278810409e-05
50.0	2.55576208178e-05
50.1	1.62639405204e-05
50.2	2.09107806691e-05
50.3	2.09107806691e-05
50.4	2.78810408922e-05
50.5	3.71747211896e-05
50.6	2.09107806691e-05
50.7	3.48513011152e-05
50.8	1.62639405204e-05
50.9	3.02044609665e-05
51.0	1.85873605948e-05
51.1	3.25278810409e-05
51.2	2.32342007435e-05
51.3	2.09107806691e-05
51.4	3.02044609665e-05
51.5	2.09107806691e-05
51.6	3.25278810409e-05
51.7	2.55576208178e-05
51.8	4.41449814126e-05
51.9	3.02044609665e-05
52.0	6.97026022305e-06
52.1	2.55576208178e-05
52.2	2.32342007435e-05
52.3	3.71747211896e-05
52.4	2.32342007435e-05
52.5	2.32342007435e-05
52.6	1.39405204461e-05
52.7	1.39405204461e-05
52.8	3.71747211896e-05
52.9	1.16171003717e-05
53.0	2.09107806691e-05
53.1	3.25278810409e-05
53.2	2.09107806691e-05
53.3	2.09107806691e-05
53.4	9.2936802974e-06
53.5	2.55576208178e-05
53.6	9.2936802974e-06
53.7	2.78810408922e-05
53.8	1.85873605948e-05
53.9	1.62639405204e-05
54.0	2.32342007435e-05
54.1	1.62639405204e-05
54.2	6.97026022305e-06
54.3	1.62639405204e-05
54.4	1.85873605948e-05
54.5	1.85873605948e-05
54.6	1.85873605948e-05
54.7	1.39405204461e-05
54.8	1.85873605948e-05
54.9	1.62639405204e-05
55.0	1.85873605948e-05
55.1	1.39405204461e-05
55.2	1.16171003717e-05
55.3	1.62639405204e-05
55.4	1.85873605948e-05
55.5	1.16171003717e-05
55.6	1.62639405204e-05
55.7	1.62639405204e-05
55.8	1.85873605948e-05
55.9	2.32342007435e-05
56.0	9.2936802974e-06
56.1	4.6468401487e-06
56.2	1.85873605948e-05
56.3	1.62639405204e-05
56.4	4.6468401487e-06
56.5	6.97026022305e-06
56.6	1.85873605948e-05
56.7	2.32342007435e-05
56.8	2.32342007435e-06
56.9	1.85873605948e-05
57.0	6.97026022305e-06
57.1	6.97026022305e-06
57.2	9.2936802974e-06
57.3	1.16171003717e-05
57.4	6.97026022305e-06
57.5	4.6468401487e-06
57.6	1.39405204461e-05
57.7	1.16171003717e-05
57.8	4.6468401487e-06
57.9	4.6468401487e-06
58.0	9.2936802974e-06
58.1	1.85873605948e-05
58.2	1.16171003717e-05
58.3	2.32342007435e-06
58.4	1.85873605948e-05
58.5	4.6468401487e-06
58.6	9.2936802974e-06
58.7	1.16171003717e-05
58.8	2.32342007435e-06
58.9	9.2936802974e-06
59.0	2.32342007435e-06
59.1	4.6468401487e-06
59.2	4.6468401487e-06
59.3	2.32342007435e-06
59.4	6.97026022305e-06
59.5	1.16171003717e-05
59.6	4.6468401487e-06
59.7	9.2936802974e-06
59.8	4.6468401487e-06
59.9	1.16171003717e-05
60.0	2.32342007435e-06
60.1	4.6468401487e-06
60.2	4.6468401487e-06
60.3	4.6468401487e-06
60.4	6.97026022305e-06
60.5	4.6468401487e-06
60.6	2.32342007435e-06
60.7	4.6468401487e-06
60.8	4.6468401487e-06
60.9	6.97026022305e-06
61.0	4.6468401487e-06
61.1	2.32342007435e-06
61.2	2.32342007435e-06
61.3	4.6468401487e-06
61.4	9.2936802974e-06
61.5	2.32342007435e-06
61.6	2.32342007435e-06
61.7	6.97026022305e-06
61.8	2.32342007435e-06
61.9	6.97026022305e-06
62.0	2.32342007435e-06
62.1	0.0
62.2	9.2936802974e-06
62.3	2.32342007435e-06
62.4	4.6468401487e-06
62.5	6.97026022305e-06
62.6	6.97026022305e-06
62.7	0.0
62.8	0.0
62.9	2.32342007435e-06
63.0	4.6468401487e-06
63.1	2.32342007435e-06
63.2	2.32342007435e-06
63.3	4.6468401487e-06
63.4	2.32342007435e-06
63.5	2.32342007435e-06
63.6	2.32342007435e-06
63.7	2.32342007435e-06
63.8	2.32342007435e-06
63.9	2.32342007435e-06
64.0	0.0
64.1	0.0
64.2	2.32342007435e-06
64.3	0.0
64.4	2.32342007435e-06
64.5	0.0
64.6	2.32342007435e-06
64.7	2.32342007435e-06
64.8	0.0
64.9	0.0
65.0	0.0
65.1	0.0
65.2	4.6468401487e-06
65.3	2.32342007435e-06
65.4	0.0
65.5	0.0
65.6	0.0
65.7	2.32342007435e-06
65.8	0.0
65.9	0.0
66.0	0.0
66.1	2.32342007435e-06
66.2	0.0
66.3	0.0
66.4	0.0
66.5	0.0
66.6	0.0
66.7	0.0
66.8	2.32342007435e-06
66.9	0.0
67.0	2.32342007435e-06
67.1	0.0
67.2	4.6468401487e-06
67.3	0.0
67.4	0.0
67.5	0.0
67.6	2.32342007435e-06
67.7	0.0
67.8	0.0
67.9	0.0
68.0	0.0
68.1	0.0
68.2	0.0
68.3	0.0
68.4	0.0
68.5	0.0
68.6	0.0
68.7	0.0
68.8	0.0
68.9	0.0
69.0	0.0
69.1	0.0
69.2	0.0
69.3	0.0
69.4	0.0
69.5	0.0
69.6	0.0
69.7	0.0
69.8	0.0
69.9	0.0
70.0	0.0
70.1	0.0
70.2	2.32342007435e-06
70.3	0.0
70.4	0.0
70.5	0.0
70.6	0.0
70.7	0.0
70.8	0.0
70.9	0.0
71.0	0.0
71.1	0.0
71.2	0.0
71.3	0.0
71.4	0.0
71.5	0.0
71.6	0.0
71.7	0.0
71.8	0.0
71.9	0.0
72.0	0.0
72.1	0.0
72.2	0.0
72.3	0.0
72.4	0.0
72.5	0.0
72.6	0.0
72.7	0.0
72.8	0.0
72.9	0.0
73.0	0.0
73.1	0.0
73.2	0.0
73.3	0.0
73.4	0.0
73.5	0.0
73.6	0.0
73.7	0.0
73.8	0.0
73.9	0.0
74.0	0.0
74.1	0.0
74.2	0.0
74.3	0.0
74.4	0.0
74.5	0.0
74.6	0.0
74.7	0.0
74.8	0.0
74.9	0.0
75.0	0.0
75.1	0.0
75.2	0.0
75.3	0.0
75.4	0.0
75.5	0.0
75.6	0.0
75.7	0.0
75.8	0.0
75.9	0.0
76.0	0.0
76.1	0.0
76.2	0.0
76.3	0.0
76.4	0.0
76.5	0.0
76.6	0.0
76.7	0.0
76.8	0.0
76.9	0.0
77.0	0.0
77.1	0.0
77.2	0.0
77.3	0.0
77.4	0.0
77.5	0.0
77.6	0.0
77.7	0.0
77.8	0.0
77.9	0.0
78.0	0.0
78.1	0.0
78.2	0.0
78.3	0.0
78.4	0.0
78.5	0.0
78.6	0.0
78.7	0.0
78.8	0.0
78.9	0.0
79.0	0.0
79.1	0.0
79.2	0.0
79.3	0.0
79.4	0.0
79.5	0.0
79.6	0.0
79.7	0.0
79.8	0.0
79.9	0.0
80.0	0.0
80.1	0.0
80.2	0.0
80.3	0.0
80.4	0.0
80.5	0.0
80.6	0.0
80.7	0.0
80.8	0.0
80.9	0.0
81.0	0.0
81.1	0.0
81.2	0.0
81.3	0.0
81.4	0.0
81.5	0.0
81.6	0.0
81.7	0.0
81.8	0.0
81.9	0.0
82.0	0.0
82.1	0.0
82.2	0.0
82.3	0.0
82.4	0.0
82.5	0.0
82.6	0.0
82.7	0.0
82.8	0.0
82.9	0.0
83.0	0.0
83.1	0.0
83.2	0.0
83.3	0.0
83.4	0.0
83.5	0.0
83.6	0.0
83.7	0.0
83.8	0.0
83.9	0.0
84.0	0.0
84.1	0.0
84.2	0.0
84.3	0.0
84.4	0.0
84.5	0.0
84.6	0.0
84.7	0.0
84.8	0.0
84.9	0.0
85.0	0.0
85.1	0.0
85.2	0.0
85.3	0.0
85.4	0.0
85.5	0.0
85.6	0.0
85.7	0.0
85.8	0.0
85.9	0.0
86.0	0.0
86.1	0.0
86.2	0.0
86.3	0.0
86.4	0.0
86.5	0.0
86.6	0.0
86.7	0.0
86.8	0.0
86.9	0.0
87.0	0.0
87.1	0.0
87.2	0.0
87.3	0.0
87.4	0.0
87.5	0.0
87.6	0.0
87.7	0.0
87.8	0.0
87.9	0.0
88.0	0.0
88.1	0.0
88.2	0.0
88.3	0.0
88.4	0.0
88.5	0.0
88.6	0.0
88.7	0.0
88.8	0.0
88.9	0.0
89.0	0.0
89.1	0.0
89.2	0.0
89.3	0.0
89.4	0.0
89.5	0.0
89.6	0.0
89.7	0.0
89.8	0.0
89.9	0.0
90.0	0.0
