# Time(ps)	Average lipid per area
0.0	118.402784609
5.0	114.452773203
10.0	120.193348866
15.0	120.742153576
20.0	118.085407447
25.0	119.266115497
30.0	136.614471551
35.0	117.609938986
40.0	110.610375265
45.0	108.673265832
50.0	112.619920532
55.0	114.367100513
60.0	106.064995695
65.0	111.463792046
70.0	113.789523684
75.0	126.522997418
80.0	116.997262587
85.0	125.466112529
90.0	110.870356096
95.0	121.766043489
100.0	122.784646715
105.0	125.969647852
110.0	114.29519025
115.0	120.548706337
120.0	115.922609593
125.0	111.196611832
130.0	118.872487386
135.0	123.379646698
140.0	120.228556904
145.0	122.84523864
150.0	116.193630605
155.0	112.157538298
160.0	122.355271751
165.0	119.453416791
170.0	114.440085081
175.0	118.482754792
180.0	108.702978277
185.0	114.844975737
190.0	112.802978751
195.0	104.385987338
200.0	119.430862342
205.0	110.586969064
210.0	112.383784075
215.0	111.58561394
220.0	111.913823194
225.0	104.739693961
230.0	110.41404089
235.0	115.004673533
240.0	122.666079156
245.0	99.884559238
250.0	105.909505778
255.0	99.1355552026
260.0	96.3730014901
265.0	110.99367271
270.0	109.833782658
275.0	116.145764509
280.0	114.979562813
285.0	116.299070792
290.0	127.406965575
295.0	112.167702058
300.0	112.849630338
305.0	115.507884389
310.0	102.787877515
315.0	127.157499039
320.0	107.732206339
325.0	107.140146888
330.0	106.941510281
335.0	104.30665319
340.0	104.453325518
345.0	109.296103364
350.0	111.136120604
355.0	113.208720662
360.0	100.257083526
365.0	108.340606871
370.0	111.659175583
375.0	105.170252584
380.0	106.133602334
385.0	111.295440215
390.0	102.74768365
395.0	110.763800631
400.0	112.145249371
405.0	118.432068952
410.0	106.077920797
415.0	118.336037268
420.0	108.399438651
425.0	106.752230401
430.0	106.757808886
435.0	111.210198521
440.0	110.532665141
445.0	119.574445485
450.0	109.185493745
455.0	112.921352786
460.0	118.942626055
465.0	110.332384271
470.0	122.930490921
475.0	128.318811519
480.0	110.749489295
485.0	131.18098471
490.0	103.851459172
495.0	124.849630893
500.0	114.703403885
505.0	109.546558452
510.0	119.421772079
515.0	109.602880441
520.0	112.037592223
525.0	120.790995239
530.0	102.814481756
535.0	111.539200109
540.0	112.022777073
545.0	108.535299385
550.0	104.95572106
555.0	111.363895975
560.0	108.299188666
565.0	104.130972202
570.0	99.1964247558
575.0	109.831011492
580.0	101.655722946
585.0	101.690484373
590.0	98.7533393037
595.0	93.9074084943
600.0	102.648785203
605.0	105.68789835
610.0	99.5587671161
615.0	98.4000979022
620.0	105.94379422
625.0	105.596028504
630.0	121.140544482
635.0	106.146496307
640.0	110.029579006
645.0	102.133124199
650.0	105.493225069
655.0	103.096086735
660.0	107.811489602
665.0	105.22589969
670.0	112.083226661
675.0	108.661925071
680.0	104.575717255
685.0	109.148276018
690.0	103.310506239
695.0	111.677851721
700.0	112.489225676
705.0	104.578189944
710.0	104.088674851
715.0	111.672059759
720.0	101.547201416
725.0	106.03840537
730.0	106.164426063
735.0	104.756590386
740.0	105.010158512
745.0	113.678815847
750.0	114.020551928
755.0	103.227742704
760.0	108.724214367
765.0	112.374902762
770.0	114.516478885
775.0	111.912413652
780.0	117.510696605
785.0	116.816031854
790.0	115.822507577
795.0	105.716798681
800.0	101.803499275
805.0	99.7815359466
810.0	110.18267043
815.0	109.805284269
820.0	110.364018455
825.0	116.281288909
830.0	112.741194335
835.0	103.132512569
840.0	111.076903828
845.0	110.840091669
850.0	106.745205577
855.0	109.985240356
860.0	117.942642868
865.0	119.022254225
870.0	121.956906684
875.0	125.256275655
880.0	124.047143614
885.0	120.203696807
890.0	111.073050678
895.0	124.892162083
900.0	114.465364134
905.0	111.543038085
910.0	113.584272653
915.0	109.794223818
920.0	114.963067316
925.0	107.935575425
930.0	112.378937326
935.0	105.917858925
940.0	115.831129864
945.0	114.986853582
950.0	106.295105382
955.0	114.356493553
960.0	116.562677552
965.0	116.696356283
970.0	112.362929618
975.0	103.210199662
980.0	102.654795923
985.0	123.134673789
990.0	111.438228283
995.0	103.442193094
1000.0	111.044897887
1005.0	106.640589378
1010.0	119.084120515
1015.0	115.067767464
1020.0	109.524022321
1025.0	114.098846397
1030.0	107.244247263
1035.0	112.68275681
1040.0	120.843841286
1045.0	106.291352053
1050.0	119.450577497
1055.0	110.442326205
1060.0	120.048169274
1065.0	119.394720683
1070.0	119.936833141
1075.0	115.54437226
1080.0	120.614779429
1085.0	113.46485575
1090.0	116.460045544
1095.0	113.18071125
1100.0	116.572724311
1105.0	116.064526456
1110.0	108.942276193
1115.0	111.593463772
1120.0	118.068258933
1125.0	111.964006959
1130.0	112.292661649
1135.0	105.319353858
1140.0	103.064960318
1145.0	113.59788053
1150.0	103.553071227
1155.0	106.845198727
1160.0	121.902877991
1165.0	128.756637049
1170.0	113.505358096
1175.0	123.054794276
1180.0	113.003380039
1185.0	115.608905257
1190.0	109.609587351
1195.0	104.12877144
1200.0	105.953704077
1205.0	101.351906814
1210.0	107.565509095
1215.0	105.954958276
1220.0	106.870678197
1225.0	116.913276838
1230.0	106.105823067
1235.0	99.4671104854
1240.0	95.7869653242
1245.0	115.847828405
1250.0	116.566540539
1255.0	118.903196608
1260.0	110.490359929
1265.0	116.813626737
1270.0	110.939013077
1275.0	109.905200959
1280.0	112.775950342
1285.0	116.949348459
1290.0	106.78695016
1295.0	100.365692705
1300.0	101.35482958
1305.0	97.7095228988
1310.0	111.11263811
1315.0	102.801268286
1320.0	104.61736254
1325.0	109.965583605
1330.0	89.5938644997
1335.0	94.7002726621
1340.0	96.5271376108
1345.0	108.189208834
1350.0	109.260532594
1355.0	108.559676548
1360.0	102.493235004
1365.0	126.425173768
1370.0	126.013295609
1375.0	108.623726893
1380.0	113.766189201
1385.0	109.206830596
1390.0	109.608080953
1395.0	109.535346636
1400.0	105.439129555
1405.0	117.500813592
1410.0	103.760292539
1415.0	101.56809984
1420.0	108.579226751
1425.0	112.878778903
1430.0	111.281507828
1435.0	122.146547297
1440.0	99.3773068732
1445.0	112.449054918
1450.0	118.069001186
1455.0	107.416428654
1460.0	111.707222163
1465.0	107.630326921
1470.0	107.36592754
1475.0	109.088559168
1480.0	116.952757219
1485.0	111.855836853
1490.0	121.47526844
1495.0	118.043851557
1500.0	116.716079274
1505.0	101.920390237
1510.0	102.784987511
1515.0	112.074300822
1520.0	110.186071532
1525.0	105.05577344
1530.0	110.411858006
1535.0	112.421730243
1540.0	109.742832092
1545.0	111.940629309
1550.0	111.998090703
1555.0	111.181763602
1560.0	110.786313335
1565.0	110.520568794
1570.0	124.923284837
1575.0	109.597737573
1580.0	111.519924272
1585.0	109.729477229
1590.0	102.117623814
1595.0	116.678589015
1600.0	104.934797869
1605.0	102.02732133
1610.0	101.472830378
1615.0	108.520648897
1620.0	115.705613652
1625.0	115.046971304
1630.0	110.040866154
1635.0	108.437242663
1640.0	108.069667265
1645.0	105.250814052
1650.0	116.336627284
1655.0	114.496048116
1660.0	112.940975014
1665.0	111.561155981
1670.0	98.2831314005
1675.0	114.725599335
1680.0	114.911839387
1685.0	113.072245489
1690.0	113.416737719
1695.0	118.839205777
1700.0	119.071082624
1705.0	109.171545912
1710.0	124.734611294
1715.0	108.113420518
1720.0	123.698709926
1725.0	119.102884717
1730.0	122.617178627
1735.0	119.027124389
1740.0	112.15726753
1745.0	120.341596232
1750.0	122.539206311
1755.0	106.462819835
1760.0	113.764225195
1765.0	126.484268002
1770.0	118.594615011
1775.0	114.958497918
1780.0	124.919232012
1785.0	116.857557415
1790.0	125.779129439
1795.0	108.443129513
1800.0	117.619615469
1805.0	113.206973593
1810.0	116.924872817
1815.0	114.19969345
1820.0	111.627866099
1825.0	123.963822395
1830.0	118.166930213
1835.0	110.388666836
1840.0	116.430695919
1845.0	113.384612002
1850.0	107.84100251
1855.0	111.213390424
1860.0	108.413812322
1865.0	113.203325703
1870.0	101.453131872
1875.0	111.796765784
1880.0	108.328528741
1885.0	100.044704509
1890.0	114.580193103
1895.0	109.418454346
1900.0	109.124178599
1905.0	107.263323227
1910.0	107.187304295
1915.0	118.636897177
1920.0	100.979137073
1925.0	112.12298574
1930.0	104.038283894
1935.0	109.913995573
1940.0	106.334473305
1945.0	106.834757521
1950.0	112.962748865
1955.0	105.487628606
1960.0	107.812166528
1965.0	106.342547469
1970.0	112.282982773
1975.0	108.854036929
1980.0	104.007331611
1985.0	111.501584447
1990.0	101.159864432
1995.0	106.698862149
2000.0	104.390949242
2005.0	109.162449087
2010.0	104.484159741
2015.0	112.070720858
2020.0	109.166708743
2025.0	114.797940307
2030.0	102.800572263
2035.0	111.205623999
2040.0	103.235112257
2045.0	107.684427276
2050.0	110.210716365
2055.0	115.497719144
2060.0	107.209363225
2065.0	120.683335498
2070.0	108.031183307
2075.0	109.764345131
2080.0	106.525243748
2085.0	121.694405171
2090.0	119.638821435
2095.0	114.153808304
2100.0	120.241124478
2105.0	121.372624903
2110.0	120.324295994
2115.0	118.00177556
2120.0	123.977338135
2125.0	111.786035172
2130.0	111.238863825
2135.0	122.314265924
2140.0	110.989149718
2145.0	106.342433848
2150.0	113.432734322
2155.0	113.517287868
2160.0	105.736109131
2165.0	116.925125475
2170.0	118.3874116
2175.0	110.681004521
2180.0	110.403618688
2185.0	110.637326107
2190.0	115.980370075
2195.0	110.273930159
