# Time(ps)	CHL1	POPC	POPI	POPI13	DOPC
0.0	28.0488546127	55.5435104326	58.4305806393	74.9737369703	56.8947372158
5.0	29.0335946929	54.2727606269	58.6078163421	77.4690010142	55.7869760932
10.0	29.326309159	54.9499463798	58.1449933443	79.0619978947	54.7816417088
15.0	28.695131987	55.5931090784	58.9893663772	79.4905910055	54.5980686048
20.0	28.054344506	56.0896295438	59.5861593063	78.1814798109	54.9769204871
25.0	28.3738595515	56.0791104014	59.428284071	77.5190247144	54.5567416655
30.0	28.1943456807	56.7803696396	59.7778690245	80.1178517112	53.6399201049
35.0	29.1544483379	55.5533926152	58.9566885895	80.7071830079	53.6268358504
40.0	29.3686785858	56.2646158764	58.556859158	75.3244040748	53.3853262459
45.0	28.804195502	55.7151829683	59.2020164497	81.2012571865	53.8954140137
50.0	28.5238669485	55.537836476	59.6953219385	79.4017524484	54.3693867055
55.0	29.3308281191	55.3532312667	59.1987352727	76.7412722432	53.6529773829
60.0	28.2532179832	55.9040910915	59.036239335	79.6816274706	55.1094865475
65.0	28.1822161978	55.6842257544	60.1629348341	75.4576447828	54.8798696416
70.0	28.40012497	55.6702143493	58.3493585009	75.3042431544	56.1055468373
75.0	28.4190025816	55.5811185341	61.1029878226	72.2791662765	53.9811095432
80.0	28.8418693808	54.6033095042	61.5174786549	76.9868663393	53.269494551
85.0	28.8643681071	54.0583802943	60.4348929207	75.4299950533	54.8994098915
90.0	29.2772400246	56.2406248658	58.993451106	76.5005096648	53.0815676661
95.0	28.7205064463	55.0838448311	60.1296678553	72.9600482377	54.6833790143
100.0	28.5919169212	55.6658038445	60.8015006168	75.1793142368	53.5320329467
105.0	28.9837466175	55.2468939229	61.3166418501	70.3112754776	53.1903451622
110.0	28.7888951895	55.1664093605	61.1069773612	70.7673580302	53.8036455756
115.0	29.3673583827	54.4774310738	59.6530943866	77.8255317901	53.9384390594
120.0	29.1549930307	54.8584352849	60.4965710044	76.4382209563	53.3617794906
125.0	28.7095212857	54.4882866011	59.7784450134	77.4965285864	55.163272001
130.0	28.12394562	54.0303359273	60.9698659676	75.6926709012	55.9004515568
135.0	28.4539543206	54.9120610572	60.003590779	84.0701516545	54.3906002631
140.0	27.6817564596	55.6280902764	62.626293476	81.0122693708	53.1644226133
145.0	27.2836238024	54.7902775095	61.4456506025	79.6348185633	55.9988486881
150.0	27.7977601686	54.1142098508	61.2292126276	79.0194830579	55.9029666661
155.0	27.8936658786	55.4493183198	60.1378296066	76.3796204757	55.6222592534
160.0	27.3629833731	55.9315678923	59.6167935959	79.7556997351	56.3326530657
165.0	27.9473837897	54.5448210307	61.2240647236	80.1829036208	55.061288323
170.0	27.6078454733	54.5345697779	61.3426685252	85.4303137997	55.1192043657
175.0	27.3027095022	55.7502823074	61.2818993426	74.3381037926	55.6776346984
180.0	27.5305612147	54.160752132	61.5624914261	72.2127244909	56.7714538453
185.0	28.4746064641	54.4900021582	61.2989848998	68.2932304654	55.1832466405
190.0	27.4482874073	55.3286752717	62.1119647958	62.9018921697	56.2047135059
195.0	27.2280670245	56.0498482622	62.1203897369	59.3757055952	56.2689103959
0.0	27.72364345	53.3447244555	61.8910651856	66.3665156405	57.4902669196
5.0	27.8531272377	56.1138276127	58.910308586	68.4545911589	56.9361026053
10.0	27.6343135277	56.1719491327	58.3070097717	68.9003588857	57.8140071146
15.0	28.2986881938	54.2858079443	60.0128353191	64.7475085875	57.2514330825
20.0	27.7610410099	54.1825926632	61.4211452456	71.4101928393	56.4961929953
25.0	27.5667473715	54.9075695997	61.7087236205	71.085461476	55.9334096295
30.0	27.941031516	54.249398347	61.1196201125	80.3042453354	55.4513492057
35.0	27.9682976289	54.9943069458	60.6567889022	82.0696741755	54.8919155103
40.0	28.0187792314	54.8921897764	60.3131156866	80.1796196146	55.3914030258
45.0	28.7431185076	54.0902152172	60.6036668513	73.2322636457	55.177791839
50.0	28.3166782303	55.5828724634	59.5483994116	70.4658750356	55.7644889753
55.0	28.7668148176	54.842830523	59.2161717637	73.0685763451	55.643039128
60.0	28.5880660795	55.1459482462	58.5706887312	70.0601767385	56.5791551097
65.0	29.4005071117	54.6562804228	59.8344494425	71.4869665323	54.1639134322
70.0	29.1838575339	53.3556646349	60.4063538921	76.8644412212	54.8452842599
75.0	28.4943743546	55.3983705205	60.3069330943	71.9507599391	54.7624394895
80.0	27.6498321857	56.1422072482	59.2421895499	78.3528511365	56.0257269668
85.0	28.7806275145	54.3709878593	59.6790771437	77.3826271009	55.2392242708
90.0	28.3640457367	54.639262175	60.6638196522	80.6978605003	54.5862464297
95.0	28.591017796	54.4756351558	59.7080118081	81.2207395323	55.1039231923
100.0	29.5597577099	52.5891448395	60.7908126127	78.7257545013	54.3280506739
105.0	29.5056710403	52.8180965487	59.7039398048	75.290588241	55.5288238418
110.0	29.1317156046	54.337981405	59.0394352192	78.9024984459	54.9937407695
115.0	28.9241668096	54.9517205083	59.0130487639	78.9385504356	54.8152435965
120.0	29.2832825602	54.5786999458	58.5945902192	78.5451749459	54.8860761702
125.0	27.8775164616	54.712873842	60.572422308	75.4360074036	56.0941885921
130.0	28.4900120337	54.9190245047	58.9920784572	77.0717602421	55.9218925111
135.0	28.4350370836	54.9019958756	60.0660593761	77.8275367026	55.0065922805
140.0	28.0315898471	54.9381995892	60.2601359862	75.7463982755	55.8107700634
145.0	27.5564674962	54.3529537441	61.2193514485	73.5329259661	56.7042868575
150.0	27.8920343274	55.2670207279	60.4483286055	77.4030844341	55.4259679108
155.0	28.3592459078	55.3786454147	59.4871708479	78.1845016584	55.166834905
160.0	27.9836018417	55.8243566556	58.8819749844	73.4076352987	56.4947934924
165.0	28.6772870672	54.8534892252	58.5710739035	74.6574198585	56.2330138556
170.0	28.1847407184	55.2286218751	60.2154451705	75.7462776503	55.2542345147
175.0	27.3539444411	53.9880890239	60.9199220842	78.6491390834	57.2320630775
180.0	27.9605011769	55.7963270873	60.0872898323	78.1543940578	55.0095877402
185.0	28.4938059639	54.5157078294	59.0931898145	82.505520095	55.6831302792
190.0	28.5849399859	53.9381316478	60.5133277681	81.1417321096	54.9367209648
195.0	28.2118313735	54.101482399	60.3318128571	84.4707372326	55.3499425586
0.0	28.4193852977	54.3859922106	60.9030572039	79.0007192629	54.6831964148
5.0	27.189072474	56.1333942398	60.8297109383	78.5023655617	55.5124127732
10.0	27.6113878882	56.0783540056	60.1404645802	83.985932256	54.794742198
15.0	29.2080601331	55.979714584	58.5477288225	81.6121742623	53.3708659882
20.0	28.5999481032	55.9122669311	57.2881082185	79.7649807925	55.9728663315
25.0	29.4493522656	54.1372034465	58.8660892629	80.6858518445	54.536904422
30.0	29.0470006532	56.0743276598	57.6049442267	76.4600100505	54.962196531
35.0	28.7938058749	54.7871390329	59.6645772158	73.0427382688	55.2437744012
40.0	28.6103165856	55.3261291382	59.638559617	80.8753351855	54.3118964217
45.0	28.7214371003	55.0533800928	59.985627253	75.3179969816	54.6057370708
50.0	28.6329101111	56.4151928216	59.3232382189	70.4238890802	54.5065780386
55.0	28.3825190051	56.5448799153	59.1784720174	71.2673896381	54.9235758598
60.0	29.3100591027	55.8367113466	58.763787038	69.5440687148	54.3222652769
65.0	29.0618671529	54.1119301797	59.5466791407	72.2027753421	55.572926851
70.0	28.5076272336	55.6872447357	59.1877447772	71.0375570111	55.5456357273
75.0	29.115386027	55.9701214566	57.6821581623	69.705866313	55.5353945853
80.0	28.4528330654	56.6024815543	58.7434700322	75.701424959	54.6735401185
85.0	29.1483436208	54.5210340655	57.7627411839	82.3320335747	55.583458165
90.0	29.2632578857	55.381291598	58.0319173799	79.1639642191	54.5679697746
95.0	29.8023036913	55.208569915	57.6382914111	76.1517648523	54.3180506655
100.0	29.8450227016	55.1004549409	56.9310153332	81.2801721565	54.4644016272
105.0	29.7773129079	54.8875842226	58.8971491271	74.3175529887	53.7393761676
110.0	30.2908421683	54.5074274832	58.6294957883	73.3211187949	53.4331670149
115.0	30.1990273328	55.9272369094	57.3808538867	70.3142956064	53.6213460828
120.0	30.3326831611	55.122535277	56.7320364413	73.9569884757	54.3784660153
125.0	29.4747868936	54.6978720732	57.3887150249	76.2854932154	55.6950120191
130.0	29.8666402679	54.7381307826	58.5399999436	74.2273391757	54.0406847337
135.0	30.3618359213	56.0219566227	57.0369605248	71.8145666962	53.3605570539
140.0	29.6476264672	56.3174123119	56.5378560482	70.9201530057	55.0320229987
145.0	30.8752296265	54.7072501966	56.9628483018	71.9055269249	53.7059806498
150.0	30.9193202526	55.5221822874	55.2957759136	71.9567398448	54.2981452823
155.0	30.6726836608	55.2114737173	57.5513266137	74.8536073902	52.782456691
160.0	29.5754409236	56.493016995	57.5754240503	68.3712618942	54.3220259176
165.0	30.300074614	56.0534956416	55.9974808465	67.3092099513	54.838651431
170.0	29.3459915146	56.2202385792	57.6758870108	76.5063721584	54.1495707468
175.0	29.4359930652	56.4395017253	57.7878687125	75.785798537	53.7217030323
180.0	29.6946714495	55.4080155394	57.8971937915	75.9192658689	54.1240577038
185.0	29.664986473	55.0831334624	58.5896363411	75.8852969499	53.8886252632
190.0	29.4267540591	55.9138249722	57.4244796225	74.7761467751	54.6939524462
195.0	30.3648462375	55.0566380101	56.2359762599	67.676276698	55.4545762002
0.0	29.5888172899	55.7353403487	57.4059648916	72.3896047477	54.8035472721
5.0	29.518592502	54.9096307328	58.2189464501	70.832938389	55.1936800851
10.0	30.4044803311	54.231943077	57.8355860519	68.4811952784	54.6798118661
15.0	30.5968874499	53.6480935256	57.4650947368	68.7275282856	55.1877054507
20.0	30.3552328443	54.9124169942	57.7130319455	69.7642746405	54.0797610788
25.0	30.2380239458	54.1835957696	57.8007591525	70.6054081852	54.8800250116
30.0	29.8230878075	54.7238967299	57.7640213928	74.6196249139	54.8012671237
35.0	29.6800021746	56.0241319808	57.2895222459	68.7118030663	54.8050170366
40.0	29.7188299166	53.7866738883	58.4981225552	75.6252183739	55.1856860531
45.0	29.1215021704	54.3476621403	59.6580267721	80.1180044149	54.3262158853
50.0	30.2181605555	54.1972939613	58.3374404542	75.0274649007	53.980778695
55.0	29.7773608489	55.6909715644	57.432754926	74.4032367227	54.2454264905
60.0	30.5191257051	55.7025473055	58.5137066432	67.7553109757	52.4421940075
65.0	29.847579475	53.6605485721	59.7029487049	71.6502280444	54.3674405436
70.0	30.4581071741	53.1299251793	59.7886772042	74.1161695744	53.3533463055
75.0	29.7934665988	54.1723541352	58.0113930395	73.9927131757	55.2520265273
80.0	30.1937925271	52.8024075299	58.9167978999	76.8528501463	54.7204413047
85.0	30.3718999666	53.2937224417	57.6263510821	77.0764725247	55.0120460102
90.0	29.5836218961	55.3386048903	58.0746573297	82.5418887412	53.5936518099
95.0	30.0892917165	53.0179113967	57.6362737356	74.7318529594	56.078551176
100.0	29.12438091	53.4646149869	58.8057114594	76.7383092631	56.3085341377
105.0	29.3553898381	53.2828503938	58.6309385161	82.1802953377	55.641489126
110.0	29.9527478126	51.9167344298	59.4205263445	77.2203225976	55.5980986948
115.0	29.7881247682	52.8115573792	59.5863073455	78.5709393053	54.7483515099
120.0	30.247714815	53.7812746715	58.2548427567	75.4440520303	54.3704732014
125.0	30.478135282	54.6395345143	56.19204552	77.4948454021	54.702776854
130.0	30.2970558181	53.7461439562	58.273146927	77.138194939	54.1209873077
135.0	30.2602392842	53.7252762306	57.9098425407	77.1339254874	54.5428715308
140.0	30.0117665291	54.6565214216	57.4203207818	77.7754785373	54.4850306554
145.0	30.1958980419	55.4018298204	56.1913133705	73.1289255278	54.9421546686
150.0	29.8938240045	55.1540628896	55.08030475	76.3886374541	56.4680718607
155.0	30.0089672318	53.4569006782	57.0244803762	78.8288555862	55.9411379107
160.0	30.3343052918	52.0317614977	57.5075835543	79.4321553491	56.2205042446
165.0	29.6998115015	54.4770219136	55.8853932737	75.0113616212	56.9462705683
170.0	29.5371462567	53.2385585149	57.1892100847	78.5353575515	56.9842328303
175.0	29.1607477121	52.9610566722	56.6316359583	76.9280874134	58.6770252698
180.0	29.4512443923	53.4446494916	56.2890112026	74.8467365093	58.1289371539
185.0	29.3695686394	53.800837542	56.049218808	78.489660314	57.7876120334
190.0	28.9279739393	52.7700613751	56.4442627563	76.365937347	59.5585162645
195.0	29.1033692384	54.0054446056	56.6058973443	77.9695941663	57.6664059116
0.0	29.3225904025	53.0118465324	57.8934110994	74.4475092529	57.4150213448
5.0	29.2775639483	53.7329639968	56.2286927739	77.9121053282	57.935701208
10.0	29.108250444	53.418246312	56.1124742351	78.4058151168	58.6443075218
15.0	28.5572674666	53.4417898755	56.737115722	77.9369883412	59.2074816279
20.0	29.2940596696	52.0005826144	55.6370819267	77.4231579236	60.2164769453
25.0	29.8663412905	53.1614095109	55.8767065377	75.2791562639	57.9098648478
30.0	29.8069953178	53.3568727753	56.7267735055	73.4616688626	57.2497178908
35.0	30.1642911999	52.956220746	55.555666307	76.109533408	57.7250758533
40.0	30.0975072941	53.1027227023	56.1966693943	77.5023991364	56.9959343101
45.0	29.8508319087	53.549549562	57.7037650327	69.7355752639	56.4627728012
50.0	29.5182767852	52.9530171461	59.4724476696	75.5290064647	55.5532138561
55.0	29.810640734	53.8062179411	58.0162403334	73.8296768121	55.5958700302
60.0	29.8082539953	53.6653419928	56.6176567299	76.5865000417	56.7244113218
65.0	29.8235491465	52.8873903352	57.0826078202	72.8695959082	57.4250596514
70.0	30.2168619402	53.4202980657	56.9167567802	74.4747362016	56.0943375309
75.0	29.0214840539	53.3429937374	58.5032031545	75.6823221622	57.0138573724
80.0	29.1717704995	52.904695473	58.6897732813	74.6466468027	57.0873069791
85.0	30.1909013104	51.9207984237	58.0285443763	73.4886544982	56.743747732
90.0	29.6926179711	52.3242825869	57.4517634059	73.0958058301	57.8951275715
95.0	29.7218213372	51.8771196897	59.1694344585	70.1992392392	57.0277449534
100.0	29.5236649329	52.0358353314	58.218419012	79.8783512457	57.1533050902
105.0	29.0342912583	53.8049739672	57.2968171707	74.8743152761	57.692854708
110.0	29.4446397637	53.2010852301	55.2687598463	71.9482538143	59.5937687144
115.0	29.8774547342	52.5058314243	57.7552881785	73.6973182322	57.0106599183
120.0	29.0684850732	53.2910052993	57.0777399029	75.9991386346	58.2230575845
125.0	29.7224272348	52.230313231	59.2418820069	73.4021601125	56.287786212
130.0	29.8557443712	53.0160032999	56.7563625199	78.3379569593	56.9788349068
135.0	29.5422848793	54.530622849	57.9350996356	74.7168852268	55.3923455738
140.0	29.6331490642	54.8186820346	57.6145590398	72.9762207016	55.3851540376
145.0	29.3257387972	54.1060386521	58.0169617407	65.2409390585	57.1240143509
150.0	29.6572161252	54.7548254764	57.7502363206	69.52137394	55.6242497054
155.0	29.2634285469	55.6262959529	57.1102439707	69.7893373625	56.0896047746
160.0	28.1995083959	56.2823750891	57.6172349473	71.7110041132	56.9128718744
165.0	28.7803977321	57.5518899466	56.7731054303	74.4725361402	54.9652062461
170.0	29.9981536546	56.4019356383	55.2263923612	77.2923676333	54.7895811497
175.0	29.3040125041	57.9202328074	55.3598325455	72.1841165251	55.0503752591
180.0	29.3395830096	57.5784237379	55.1698160207	74.0706578325	55.3035135747
185.0	29.3787078061	57.7319931825	56.3432838228	70.158773659	54.4066205943
190.0	29.0052596479	55.976209322	56.247626849	79.2269884137	56.0886191062
195.0	29.0834412519	56.1453984819	57.3548558417	76.3988381047	55.0492565488
0.0	29.0908542342	55.7439483765	58.0659927411	78.6376838056	54.5720241331
5.0	29.3873677691	55.749744189	58.0885542194	76.8474901589	54.1318931031
10.0	29.0900426494	55.2182593469	59.0825947262	73.1785298772	54.7303581147
15.0	29.3172809135	57.3814256677	57.357236046	74.7850269483	53.5049298556
20.0	29.2319918895	56.329488353	56.814499562	78.5901649232	54.8352429655
25.0	29.077970745	55.691785105	57.8613903855	78.0985248298	54.8880151144
30.0	28.6808228022	56.5446683065	56.6643451945	78.0762302049	55.9090709713
35.0	28.5495484046	57.1376358917	56.4331769849	83.5451740893	55.2397583353
40.0	28.8117281075	57.1616863021	55.793205284	79.4354703304	55.6783050157
45.0	29.4607438317	57.142901291	56.223475095	79.9616292141	53.9592897862
50.0	29.4838991155	57.6464992104	55.730567946	79.9538029553	53.8537274222
55.0	28.6998604339	58.1018753445	55.3474075589	83.0540062035	55.0012187412
60.0	29.9381681811	58.8574312937	53.7392684711	77.6675827607	53.754982679
65.0	29.6609772304	55.7720224886	54.8718192594	80.2775519748	56.1144645508
70.0	29.7246736641	55.3191327135	56.7606389861	79.0784965622	54.8598917376
75.0	29.5414100494	56.9719270779	57.3179475527	82.4842903281	52.7315172461
80.0	29.7875443723	55.5480490672	56.5628004991	77.6960855105	54.8216303663
85.0	29.4517171916	56.0294685592	56.2646954644	83.5390697333	54.6957971184
90.0	29.9107394582	56.7743712448	53.9911202721	81.7180213477	55.2612034831
95.0	28.7475514882	57.6479572489	54.9517104045	85.3738050464	55.4839504719
100.0	29.9765389732	56.341453978	55.6979075777	79.2378870589	54.274413032
105.0	29.4536855113	56.7260267214	54.6538021505	83.3984708525	55.4592453014
110.0	29.9823770178	55.4842023659	55.0999915002	85.828104346	54.9991072747
115.0	29.2485097423	55.3698149309	55.4235643177	86.6488105216	56.2079095574
120.0	29.7387003004	55.5624022922	55.6187621725	79.7920271269	55.545010081
125.0	29.8256771266	54.0987754681	56.2386175769	84.87540999	55.7684392092
130.0	29.5570115576	55.225448047	55.8826976621	87.7434182043	55.212630618
135.0	28.9440733688	55.5528104609	56.0477558098	88.991335263	55.837798687
140.0	28.894575065	55.0325386578	57.4945982365	85.5878389955	55.4952955838
145.0	29.6673178711	55.8403056283	55.8874433022	85.2753876487	54.6196772731
150.0	29.0224360928	56.0819702807	56.5401187302	89.5291462739	54.6549640759
155.0	29.1001094586	55.9600307572	56.8503875964	87.1774230263	54.5775418549
160.0	29.9526994199	55.6496085391	54.9715098841	88.1268019005	54.7788157513
165.0	29.48787463	55.7915263095	55.8355436081	91.3142396894	54.4701617043
170.0	29.2729493888	54.8056429398	57.2876388214	93.8093930225	54.3294672865
175.0	29.7286276526	55.1426699687	58.0847853682	83.6124131128	53.383463422
180.0	29.2952555685	56.2341592771	57.0120627009	88.53262973	53.6320727393
185.0	29.6113192673	56.2784917841	55.6164360241	92.4313171167	53.8217820097
190.0	28.6589047281	57.0577012448	55.3466500895	88.3447244797	55.5988767724
195.0	29.1607049811	57.2566885035	55.3447541235	88.121716219	54.4203185176
